1.0 0.0 0.0 0.0 0.0 1.0 0.0 0.0 0.0 0.0 1.0 0.0
0.9999952296658869 0.0007852600728890239 -0.002987308502397029 0.05553643606209476 -0.0007997362640986942 0.9999879295874036 -0.004847793457536267 0.10395745020646825 0.0029834656657070358 0.004850159390883183 0.9999837873118268 0.5026555761446908
0.9999461215633676 0.005968267127273077 -0.008493159475533496 0.18864281432040803 -0.006008827622093489 0.9999706263825153 -0.00475818902190576 0.012396502528466108 0.008464511857591034 0.00480896658937549 0.9999526118168577 0.953174050176477
0.9998263713755381 0.012598740693406453 -0.013729487789595967 0.27866127216553677 -0.01263636992894854 0.9999166265481698 -0.0026574626142349153 -0.15439233904918595 0.013694862432427925 0.0028304920893009664 0.9999022147477665 1.5315089012675567
0.9997285505737111 0.014060126132959448 -0.018577890647544275 0.30425035878034157 -0.014233066048113896 0.9998562902349856 -0.00920970729185548 -0.014461875025234272 0.01844573117707374 0.009471627666715955 0.9997849985225248 2.1495779079577533
0.9996072113888047 0.017019470874063938 -0.022265681006087164 0.4060451913497739 -0.017281609268648968 0.9997829717719862 -0.011634231210619248 -0.009737966910578485 0.02206284026556163 0.012014448216347284 0.9996843922526111 2.541280219266844
0.9995182124697323 0.014760933998533076 -0.027303072515794467 0.40697256695456036 -0.015319619613181758 0.9996751812788586 -0.020367650576072108 0.18819329930916018 0.026993558420838067 0.020776110381216788 0.9994196821361923 3.2537951295644483
0.9993261398542822 0.020221096760506797 -0.030632881838670068 0.4104885480624979 -0.021196065642162126 0.9992680620637309 -0.031844417731981586 0.3508003684303346 0.0299665314181147 0.03247225562226947 0.9990233028361087 3.884314588313153
0.9992478295614544 0.016399639575274058 -0.03514010441823294 0.39220725722722394 -0.017739626491177583 0.9991139190627929 -0.038166508707778574 0.5197237146625358 0.03448305045492233 0.0387611733154265 0.9986533385887889 4.6541301395963774
0.999102537607114 0.017546763544253635 -0.03855165931769889 0.5294495932231218 -0.019117750417605103 0.9989857776672353 -0.04076674671297162 0.5365662481884708 0.03779723489881272 0.041467181091936686 0.9984246801468264 4.994480039450755
0.9989771270470859 0.020087149021001234 -0.040511801749107526 0.6182315720933013 -0.022040028784732192 0.9985872986680583 -0.048349188928029495 0.6311141836510052 0.0394833733097753 0.049192615127051316 0.9980085920717532 5.47543659195869
0.9987946169076677 0.027025119636996067 -0.04097506735650942 0.6425134929324429 -0.02937019477466291 0.9978987465342909 -0.05775364338454131 0.6848385700379082 0.03932816923227923 0.05888747382845059 0.9974896292849066 6.095061939252914
0.9986964839929205 0.029704852180577317 -0.041508488494624914 0.6744727563904908 -0.032437750384290344 0.9972391947000536 -0.06679656356426308 0.7763307654355501 0.03940970959274919 0.06805593516305694 0.9969028360271109 6.7351905594135
0.9987737903012242 0.032609027936439855 -0.03725006180352563 0.6904381847195284 -0.03537595089886792 0.9964639896914244 -0.07621062489081926 0.8600580121222888 0.03463319080487501 0.07743493104076966 0.9963956912539231 7.237238557242053
0.9987007559282529 0.03413858078514347 -0.03783328442405936 0.7518571242832991 -0.03681995363307013 0.996680979409917 -0.07260383114510068 0.6733340214845238 0.03522912321920749 0.07390252082617985 0.9966430285176039 7.787163536175387
0.9987091268485162 0.033591779276206796 -0.03810081776724662 0.7541011501784911 -0.03674613799301879 0.9956723013463222 -0.08536035188725465 0.8447128657047369 0.03506852280995527 0.0866502204081242 0.995621382861553 8.52930091276715
0.9987723795461694 0.026542977052088544 -0.04182348891346368 0.8873739225232586 -0.030073228524992206 0.9958260601240558 -0.08617458386254785 0.8500783149523147 0.03936159018339975 0.0873265615206048 0.9954017966988118 9.13059068613451
0.9988622823303848 0.014925946918713294 -0.04529190928096102 1.023756861568394 -0.018786568212185814 0.9961139038165058 -0.08604740250727622 0.8801343234579703 0.043831561602844335 0.08680038440018596 0.9952610147471047 9.74972958198559
0.9989712875679954 0.01150549138235505 -0.043863313632161664 1.083486696682813 -0.015566746704910608 0.9955067392888551 -0.09340240054461071 0.9686875627507535 0.04259158381380035 0.09398912542694111 0.9946617522000691 10.315325348027827
0.9988797694120303 0.013842101222135196 -0.04525044191084147 1.088440680087926 -0.01785413574698602 0.9958270162330631 -0.08949739424744084 0.7173454682860525 0.04382278056101038 0.09020504406134834 0.9949585991033963 11.099916953028085
0.9987953771918244 0.008883306709041333 -0.048258484872152264 1.1776202101559279 -0.013311217301136762 0.9956494380281107 -0.09222260052865892 0.7749053253765965 0.04722929169704498 0.09275388625938942 0.9945683036320723 11.758048576728227
0.9985645719101996 -0.009298911389873807 -0.052747757988041315 1.261525908305193 0.004180321589156705 0.9953405431668259 -0.09633134505329849 0.9226372177823896 0.053397758728367314 0.09597256574318341 0.9939506758322865 12.56458280889663
0.9986886702819702 -0.015391201948131388 -0.04882674219138132 1.1519886751958375 0.01078659207550522 0.995588582601022 -0.09320420390670885 0.7947936364847833 0.0500458717760858 0.0925553083138861 0.9944490563226932 13.347388093975447
0.9983730515721111 -0.024487863159339505 -0.05149363506765939 1.197938401199299 0.019112125006891047 0.9945584216082278 -0.10241226823906087 0.9422606690243882 0.05372128602623709 0.10126149596978017 0.9934083414496032 14.137772963881645
0.9981641319279079 -0.029088057096670544 -0.053124859218141904 1.2851954146077091 0.023141879520623333 0.9937393708746353 -0.10930011978920516 1.0490270082163682 0.05597159230234122 0.10787005009743175 0.9925881488044875 14.75497140102849
0.997655076500019 -0.041000362138004405 -0.0548025422612363 1.275791902939654 0.03461313374280786 0.9930141419993569 -0.11280445364337882 1.167967185915076 0.0590447229330833 0.1106430481043936 0.9921047508201573 15.64665688072731
0.9975536902380924 -0.044263365834637275 -0.05410535590266001 1.200960094231776 0.03742852511712807 0.9918990255574417 -0.12138957371105752 1.3008052045032854 0.059040160906970195 0.11906753353952026 0.9911292457883061 16.60748409150262
0.9968967940033939 -0.05724134427200844 -0.05403897308136118 1.1926325980105534 0.05010050145696276 0.9908496858053475 -0.12532693203458775 1.4207289774448684 0.060718381562056785 0.1222306370979661 0.9906426951707215 17.498031830091833
0.9971845566957737 -0.05083339660388046 -0.0551264517012175 1.3712252400506204 0.04376115607794643 0.9914820404422596 -0.12267161325739827 1.183856464856892 0.06089270158381597 0.1199138410283135 0.990915107172992 18.110197390616545
0.9969518358787103 -0.05672413936327384 -0.053566864305890353 1.3239115771995116 0.04942406356539299 0.99041912933634 -0.12894654002852737 1.3047667303070851 0.0603680286141079 0.12590599770519464 0.9902037067508422 19.057746422999053
0.9974181940714816 -0.04622379813855077 -0.05495731635398302 1.46910096182989 0.03897443429753538 0.9912192098620866 -0.12635454669922522 0.9993949015647181 0.060315334753048795 0.1238863934660545 0.9904616206131382 19.755946209079262
0.996334584816791 -0.06349713122235401 -0.05731936343405217 1.572920312641144 0.05589446215384171 0.9904947918068014 -0.12568164744357876 1.0220433936247921 0.06475495501107643 0.1220171370346412 0.99041335515601 20.50066267590043
0.9953987305144493 -0.07660561873234391 -0.057558200709010646 1.5791471957647645 0.06874525864920382 0.9893957542636469 -0.12794581219532317 1.1057833285049719 0.06674920751198497 0.12340024563874082 0.990109550844159 21.38475043809623
0.9944204064143517 -0.08778267112145337 -0.0585000680127735 1.6290168529923568 0.07961671470189792 0.9883513133511601 -0.12970296888317806 1.1691870002447777 0.06920429211250503 0.12432169580494312 0.9898256825852678 22.16125692217559
0.9949438616557434 -0.08123730530300821 -0.05905262382540291 1.6458707662271816 0.07324420644359664 0.9892206905744451 -0.1267979162362849 0.8546763360147875 0.06871679835387036 0.12183154585952667 0.9901692158704355 23.05048160534413
0.9937626853629579 -0.09352426137955218 -0.060736625800366685 1.6265294038060598 0.08504842768434122 0.9879044409261935 -0.12965947920119453 0.9281010203510971 0.0721282893782038 0.12368519770656806 0.9896966614774766 23.980917108953125
0.9932972862264986 -0.09887819087089926 -0.0598632152926388 1.5310070561028621 0.08990438652990256 0.9864098150335883 -0.13752410002643967 1.0376580251484662 0.07264779733589069 0.13122034970041174 0.988687775471481 24.988871690167585
0.9918465257833299 -0.10985230311285242 -0.06459830332401831 1.6329323169986683 0.09981198049911934 0.9847968519766291 -0.14217147704713304 1.1349527833573865 0.07923406994710826 0.13456460098303016 0.9877319121714632 25.83962211228718
0.9906987717604997 -0.11637937495530128 -0.07051088367941573 1.798222242671507 0.10509750039283533 0.9835739713526838 -0.14675407418087597 1.2012998743324448 0.08643181730946439 0.1379785634166465 0.9866567067597835 26.670248525492138
0.9893208279247818 -0.12076457419869506 -0.0816101528783883 2.1416502509703683 0.1073274897542216 0.9824285525066492 -0.152692334983611 1.2834213471835854 0.09861596917986164 0.14230269441685853 0.9848983875428058 27.428001297924986
0.989363328945728 -0.12113034071414 -0.0805459117268236 2.1631623236974864 0.10726768595170204 0.9815180951884969 -0.15847988001040095 1.290759861635268 0.0982539917153286 0.1481542080942034 0.9840713814231078 28.218193758195465
0.9897812898570003 -0.11983400108458897 -0.07728395973986693 2.111813346269692 0.10574245972688565 0.9804417060038975 -0.16598973865596184 1.297829578850161 0.0956636318562208 0.15612134162959715 0.9830943984317339 29.0010078554036
0.9876988140657652 -0.13383365892027668 -0.0808678207514849 2.189638411934929 0.1188352440753552 0.9785813088198376 -0.16809761091105332 1.3394393355014185 0.10163285619637938 0.15641986372729097 0.9824477537115665 29.777349094112466
0.9870752541318795 -0.13771180913820807 -0.081962798295142 2.1613058432609256 0.12181913408604234 0.977075748788218 -0.17459404256866673 1.3826561307269658 0.10412752398388792 0.1623528218227956 0.9812232263838653 30.672929949705214
0.9862740278499005 -0.14191306590943714 -0.08440511662760598 2.413372460206073 0.12527528012464448 0.9761381570507546 -0.17737080520549914 1.3954262879241714 0.10756228976006324 0.164362343843531 0.9805179109775783 31.2240524412518
0.9852357027365602 -0.14848821447756194 -0.08521654894716825 2.344207614775262 0.13100795039745444 0.974327607502901 -0.18309186270921618 1.457259543587123 0.1102158200344107 0.16922459460414735 0.9793954817106346 32.174041227228244
0.9845953680483769 -0.15297694471149267 -0.08467594466211485 2.2760061210924167 0.13471538615791184 0.9724274649524803 -0.19035910836736122 1.485340858544266 0.11146176900627967 0.17601954378087986 0.9780559259353034 33.112394156432245
0.9822184541654955 -0.165816606391416 -0.08804408748792376 2.3642863604932867 0.14637394313208746 0.9700303722840067 -0.193947790960647 1.5217880619731023 0.11756520347752258 0.1776117391711054 0.9770529632726697 33.93898550957358
0.9804804980878703 -0.17566642609601377 -0.08831364340812546 2.321863918112954 0.1552412610793529 0.9673041901959789 -0.2005561130651273 1.5702775334917605 0.12065713293401224 0.18293143625947353 0.9756935717222858 34.85641517277368
0.9790482824004557 -0.18330835460616932 -0.08867078357778284 2.2790089089911687 0.1617287621825292 0.9645857308536893 -0.2083702841490568 1.617324786609728 0.12372658651892861 0.18966395272963918 0.9740222363084654 35.75472836602537
0.9755032775690451 -0.19896208375070953 -0.09384798709417232 2.3786056876710258 0.17565393474660781 0.9613120472393882 -0.21219058188442072 1.6635990974178894 0.13243508092679437 0.190507839896395 0.9727115257248288 36.53911839846551
0.9734580214927733 -0.2079214138874661 -0.09564604559737287 2.3265484020387905 0.18370313425359017 0.9591130721903773 -0.21530274782023068 1.6431841273484535 0.13650142437639623 0.19201770855984004 0.9718521290518655 37.45460255250101
0.9706094039595213 -0.219828912713663 -0.0979419934475194 2.3469692734501595 0.194661265724772 0.9564315612693383 -0.2175905793786215 1.638208416293919 0.14150751418838073 0.19212995014578924 0.9711136420034486 38.25134983195409
0.9662029669867882 -0.2365025049776921 -0.10255921082577817 2.385932355361738 0.2098074466094024 0.9526272718312978 -0.22018654888639255 1.6589352035973335 0.149775371584157 0.19122721067498205 0.9700512831620263 39.05931397443135
0.96455827403804 -0.24286122390977838 -0.1031783015260658 2.3198560625590128 0.2148977008191273 0.9499065215331762 -0.22692857583696333 1.696810053359082 0.1531218931681944 0.19671305566683767 0.968430513543849 39.95108768224341
0.9613287448732543 -0.25456079396565534 -0.10509922195711639 2.342833000013211 0.22583437078364763 0.9470608522397796 -0.22819855198404365 1.6842568119601091 0.15762576329131564 0.19563881090017843 0.967925397133681 40.697583287546934
0.9529022101138573 -0.2816884584971136 -0.11237878051326314 2.4697030186269893 0.2507364705648268 0.9401908562595358 -0.23059136179538983 1.8050036587212708 0.1706124271230611 0.1915535594957161 0.9665395147409643 41.47768548880182
0.9470717266881897 -0.2991825796618236 -0.11638268142103081 2.5179925296964605 0.2667993767196413 0.9351768925105958 -0.2329426373514169 1.8522104496264469 0.17853077350939614 0.1895625589116157 0.9655013201280541 42.23982985813454
0.9419600398090536 -0.3137904774747358 -0.11936004209577218 2.5358561293148276 0.28051124422115753 0.9309616591275104 -0.2337174171944563 1.8247486710640062 0.18445792275862039 0.1866706336859845 0.964950438753642 43.01506219355815
0.9378696641335905 -0.32503906532325594 -0.12144998605076952 2.5182911336748655 0.2908172665441395 0.9272526633357231 -0.23585549774512382 1.8079105014037427 0.18927707356608914 0.18588196348917146 0.964169116427023 43.8059070283022
0.9350622912613539 -0.3329781725668129 -0.12158967084064025 2.39371412004432 0.29748604493997605 0.9236365929329933 -0.24165574121278519 1.8275338058112685 0.1927707564104052 0.18979194079095216 0.9627141084889962 44.69181915202194
0.9313787120878861 -0.34332327076056773 -0.1210901582449148 2.2768045833570087 0.3063369477720276 0.9188161946365792 -0.24886637961619396 1.8764552917005215 0.19670121783870692 0.19469445864692678 0.9609384468700105 45.57831751630507
0.9277386937330744 -0.35256728594358766 -0.12246315785909993 2.234436114792343 0.3155073040770802 0.916126173603017 -0.24732160260176467 1.6847252717149797 0.19938921040132246 0.1908117997448414 0.9611632534869764 46.413619557614304
0.9245076723949365 -0.3612873855347756 -0.12147834677976635 2.080636410824995 0.32449813632481067 0.9132232810044788 -0.2464228044502716 1.4705386404432315 0.1999663051732043 0.18840027623350003 0.961519013182015 47.30688184305343
0.914025202748524 -0.38428394273678557 -0.12993760077511216 2.157477947819414 0.34489390610868004 0.904795499013106 -0.24978650582991524 1.5589026531094137 0.2135558996366487 0.18349647495331498 0.9595430794967399 48.05919088613407
0.9117759879906018 -0.38947394842743494 -0.1302865734452609 2.0063542485445796 0.34877229075781735 0.9018241928224631 -0.25509020843547486 1.5260902982430673 0.2168465746174192 0.18714478014749344 0.9580993655880564 48.9064334725329
0.9096983527203879 -0.3943075797421966 -0.13027063988353357 1.8637366186658422 0.3524596387364516 0.8990149013284139 -0.2598930746503813 1.4767373175884964 0.21959305571803464 0.1905091592215721 0.9568098819165194 49.765902721129436
0.9052743271020789 -0.4038249918102605 -0.13192334395141095 1.7512819814272382 0.3604257283719662 0.8944495470994742 -0.26467584328963556 1.4627830718817143 0.2248814954979989 0.19205567860124748 0.9552711286852523 50.59122185096968
0.9014118987912548 -0.41212771694377565 -0.13269262844731028 1.599457799987259 0.3673941424985882 0.8902494590798297 -0.26921635289445905 1.430891892573335 0.22908106158142233 0.19392432940396756 0.953894764473497 51.437384499973916
0.899460505412405 -0.41654834717812145 -0.1321297607143704 1.449808778008118 0.37074884616649606 0.8874357719478284 -0.2738668357679881 1.379465403957298 0.23133545398289687 0.19734544618646258 0.9526482470460921 52.25175904198755
0.8974335522494767 -0.42101470933129065 -0.13175596314237553 1.3488789625806177 0.37436908474515523 0.884815261164552 -0.2773981650937453 1.327086363992522 0.23336839478378493 0.1996210613562391 0.9516777943080562 52.934861792467245
0.8955888237795411 -0.42485398748481895 -0.1319838931060465 1.2109768781123178 0.3769384679856489 0.8822267624813139 -0.2821229003721033 1.2590816606770734 0.23630076189849797 0.2029163100393498 0.9502562396775949 53.71376849108676
0.8957490625867577 -0.4249431318905354 -0.13060226465880873 1.0710786189892516 0.375777489815639 0.8807206829949772 -0.2883094807541277 1.1823458093901191 0.23753924943639032 0.20917555594265974 0.9485887896097414 54.492179463278276
0.8950592777644822 -0.42709762749631996 -0.1282829134169475 0.8820586617492044 0.3765685878696306 0.8779570924654424 -0.29561367089411733 1.1303512051258504 0.23888279117089517 0.2162844432145737 0.9466551915590827 55.297461897356676
0.8924185687270448 -0.43214429811005284 -0.12977058142023262 0.833076026725671 0.37988009756506597 0.874791701966274 -0.3007167930876213 1.0973146000430554 0.2434752752645146 0.21906798894844826 0.9448433767312715 55.99434306080401
0.8891526744798466 -0.438866883059945 -0.12962785356005363 0.6847469376803242 0.3849544696169059 0.8705015318913443 -0.3066547558685282 1.0548607921931323 0.24742186198334326 0.22276207470767767 0.942952533420758 56.749185435383104
0.8872129563947786 -0.44259360571192646 -0.1302461906857708 0.6004008908855911 0.387210282572293 0.8678228248412656 -0.311370746466022 0.964574082387654 0.2508413185173509 0.22581949620756622 0.9413204491866927 57.47415970009866
0.8852252327013238 -0.4465455814937763 -0.13028173715941294 0.46384832010742455 0.3892493979968716 0.8644556115293975 -0.3181216777498907 0.8925802923118475 0.25467860834385364 0.2308972484541943 0.9390555186506914 58.23297745185801
0.8845091381190102 -0.44847627090095177 -0.12850143587814034 0.3142836368093642 0.3897194019622256 0.8617187410967794 -0.32489936746134795 0.8192209126083936 0.2564417522911834 0.23729695674693227 0.9369780050782786 58.94228735675602
0.8831518464773845 -0.4508214038437117 -0.12962591523292322 0.26790597156876594 0.3897643301029448 0.858996388452973 -0.33197736610219153 0.7667810385917945 0.26101069526552045 0.24266286584710758 0.9343383490448612 59.624867397649005
0.8795189665226406 -0.4578192076777182 -0.12979969417642684 0.1546996974690528 0.3947984339494692 0.8543024241203255 -0.33808514414741603 0.7312515712409572 0.2656700662061757 0.24610758058921986 0.9321214913832455 60.28502277203502
0.8785010820071423 -0.46056110732388095 -0.12696186566399295 0.01854755818803097 0.3963764281945559 0.8510242910052626 -0.34444648828332197 0.6755991586146626 0.2666862877689942 0.2522719218216482 0.9301813271488543 60.92649845561462
0.8779996682259623 -0.46184890373830756 -0.1257464620211011 -0.08339292201923369 0.3964255027681189 0.8488453419952072 -0.3497261873638853 0.6061642595849068 0.2682599548015777 0.2572103720473947 0.9283746125143092 61.504810758177584
0.8782536978633454 -0.4610045956553021 -0.12706378309358082 -0.13382372540911522 0.39477050736083985 0.8489258580704732 -0.35139882472394846 0.38184010667512047 0.26986420419801116 0.25845628311960045 0.9275632921847292 62.09981096409187
0.8787119721982618 -0.46053056292570865 -0.12560601309958183 -0.1529736845136639 0.3933187552715241 0.8476110322152404 -0.3561683517926173 0.3108482705715691 0.2704914539631538 0.2635661941113487 0.9259412695492926 62.59780924177489
0.8780588654991599 -0.4618546223557288 -0.1253113583318617 -0.10460652263910705 0.3938532331733892 0.8461762010606299 -0.3589783663084226 0.26091272382109704 0.2718313069482554 0.2658498534271624 0.9248954513865649 63.04851551029425
0.8719006432518659 -0.47204312482369715 -0.13024805796503577 0.0430228370530695 0.400243474375523 0.8402223522021476 -0.36582996060970263 0.40161443590902324 0.28212484739347843 0.2668364427258139 0.9215225896941639 63.56753294288895
0.8709686854559484 -0.4742642594710013 -0.12840156207601944 0.09237990401481982 0.40163248033096427 0.8377462852678358 -0.3699628525448684 0.40778393138002655 0.28302808994574424 0.2706558214935747 0.9201307116889973 64.02985572627657
0.8680288488316791 -0.4794104696990674 -0.12919566222931717 0.16420544999291237 0.40556423460673185 0.8347122135659271 -0.37252271357827665 0.36760283064402377 0.2864324862926822 0.27096332236446163 0.9189860220533305 64.53592520668929
0.8668484693499018 -0.4828940038257313 -0.12404479938671123 0.11985729261569106 0.4096914115006442 0.8317021701169631 -0.37473250134641484 0.3319042356099455 0.28412440678045287 0.2740162062577434 0.9187972791534423 65.00830311552815
0.8644829564358937 -0.4874977178480456 -0.12253649711333894 0.2571849784471676 0.4149613731267904 0.8297021047809429 -0.37336507085532206 0.3326074611819873 0.2836834095335648 0.2719198271826072 0.9195560508965142 65.38151148897643
0.8610315864342543 -0.49508533743605987 -0.11625453031317648 0.2301881240857349 0.42414384933145133 0.8252300001321616 -0.3729576945930586 0.30439604624045824 0.2805826121426866 0.2718197114590723 0.9205364969546256 65.86401538815907
0.8624647245790614 -0.49540357359447557 -0.10358522156461492 0.1285139536798598 0.42763225306057695 0.8227665551785461 -0.3744140112521978 0.2649159165159274 0.27071249509230594 0.27862249541171263 0.9214576767553939 66.34118226713576
0.8633848156041305 -0.4967860517099251 -0.08814918610337955 0.07473148611273844 0.43326199344172267 0.8195302607383368 -0.3750389270103254 0.2522964650673745 0.2585550332581613 0.28561122274976475 0.9228084981274581 66.80709777288953
0.865088221709102 -0.4965079364467043 -0.07142994964034116 0.12442078846462015 0.438683989650895 0.817898153438049 -0.37228882312876493 0.26519639972661796 0.24326677924484325 0.29072750067385 0.9253641415506527 67.15575928783082
0.8641927859559712 -0.5005030587531105 -0.051648009452823676 0.18364097937335186 0.4500465550573877 0.8147873912890887 -0.3654854378457438 0.2893163018638942 0.22500872645885547 0.29260587002843624 0.9293830630274386 67.4759969114233
0.8594992356160349 -0.5102644428878371 -0.029854016477153893 0.24115636202362856 0.467705650629167 0.8086854555190668 -0.356762187460306 0.36444017481612373 0.20618556774178057 0.2926739352184961 0.9337180941262289 67.8256111669454
0.855453241400294 -0.517857651705033 -0.004817089191687138 0.2539400867316822 0.48471260300164676 0.8039066430901252 -0.344656062890136 0.3780948592687487 0.18235526937574345 0.29250224232663613 0.9387166739569441 68.23770169599544
0.8513133094237647 -0.5241301254800055 0.023521495749065393 0.297305307902307 0.5013861750859842 0.7995307784325103 -0.3306999210337773 0.42908420198015806 0.1545236313015149 0.29332259698736723 0.9434427918352961 68.59714086287156
0.8487765662627188 -0.5258469517229581 0.05534730279736895 0.4441057078979665 0.5148295559286422 0.7980259856004328 -0.31321726428913577 0.4902368675309838 0.12053575778825076 0.29434590139855216 0.948067308488318 68.8219494291675
0.8429119329179419 -0.5303008831535269 0.09099695968070091 0.4816220564397928 0.5316270710519558 0.7947930888259855 -0.2927056598003588 0.5151793499531785 0.08289831523776865 0.29510154062802535 0.9518628840593074 69.22907122188815
0.8324904417428319 -0.5389664665516678 0.12835424550686503 0.5666239111310494 0.5523890697820697 0.7895617445365715 -0.2673173528779246 0.5687426477827278 0.04273148712748512 0.2934406234609838 0.9550217905946964 69.5458731425206
0.8221571878821491 -0.5429454610244088 0.1710783001046908 0.6195470895946913 0.5692533676768994 0.7856498661179533 -0.2422909227712545 0.6282187427324611 -0.0028568868068686304 0.2965881221860193 0.9550012167405552 69.93362636811146
0.8090124248905112 -0.5467122287522274 0.2158810675014107 0.7812623858985538 0.5853566450392175 0.7827506879603418 -0.21132666326339006 0.7517878476536175 -0.053446183036842225 0.2973333136908456 0.9532766681758299 70.15423962587619
0.7960852201650414 -0.5425895671117236 0.26803895966126223 0.8380742276435531 0.5947760283430464 0.7832594918018831 -0.18095868205400542 0.8143227087815176 -0.11175776636659439 0.30348168011226556 0.9462605727245452 70.44750266947374
0.7817709171840255 -0.5337845121430103 0.3223481466388451 0.9051304553613958 0.5989356085347767 0.7866311063950261 -0.1499587919423517 0.8915809664332608 -0.173523398636397 0.3102992056837741 0.9346678731387376 70.76910286710972
0.761619196457313 -0.5249195016865894 0.37999436355927907 0.9724520379546697 0.6050364977954624 0.7860258933226604 -0.12686264762218544 1.0573308777210428 -0.2320927313017788 0.3265314866523773 0.9162478661920401 71.13578445655159
0.7405128570701606 -0.508995288830769 0.438821722869176 1.0446566765464997 0.6026355977988118 0.7919291269655385 -0.09837984615389452 1.1843838287358155 -0.2974408256770717 0.33730113224191277 0.893172380567639 71.46512926863203
0.7105041473626506 -0.5037953043557726 0.4912984305791639 1.188279386958695 0.6156398090576641 0.7831864613057128 -0.08721578028587113 1.4886682395006536 -0.34083937871659903 0.36443004560066655 0.8666136738937237 71.80130632026477
0.6785140149597841 -0.5161764280542008 0.5226668409458963 1.4934400738011047 0.6417543498474819 0.7627431125645021 -0.07983920520175102 1.8494974662038868 -0.35744941733760205 0.38959573837070816 0.8487903596815827 71.98193219469103
0.6497698291507024 -0.5105224931375748 0.5631748868034371 1.7291019587936824 0.6435334192946105 0.7637755824360821 -0.05011584505330179 1.9937703498214259 -0.40455396101936164 0.3949856246434972 0.8248166153446048 72.17079405293241
0.612371099996364 -0.5169767389620812 0.5981109322369702 1.9578009757889168 0.6620328492547152 0.7488520321524111 -0.030547347657097757 2.292478954179611 -0.4321043188825206 0.4146753975259828 0.8008309261571631 72.30783852738301
0.5734471748905443 -0.5205499274582465 0.6326026482977049 2.173974106240294 0.6776340329384644 0.735342035546429 -0.009176500530268365 2.5772259139358207 -0.4604024924059442 0.43393532211799 0.7744221595517194 72.46791448206915
0.5373535135086446 -0.532639495188877 0.653870300353866 2.43758236423908 0.7077709537265358 0.7064147119585716 -0.006207397966400549 3.083988978708197 -0.45859729456348103 0.4661259732019033 0.7565811909673886 72.54690468011263
0.5053466910840901 -0.546430392037304 0.6678611745477653 2.6965580780987928 0.718350974495768 0.695221916403858 0.025265874073974005 3.3788567537996017 -0.4781177671362357 0.46699069970364504 0.7438568996379329 72.39424394124408
0.4799806058797626 -0.5508141760391166 0.6828047755058883 2.921874594133166 0.7198533089453704 0.692150871585046 0.05232957638331082 3.7133157536590744 -0.5014277929868816 0.46640209523372134 0.7287244019393734 72.13783349072499
0.44408119731567564 -0.5596803464651252 0.6996783546540191 3.1360384382364823 0.7369110987855113 0.6723448140867212 0.07010337693305176 4.092502266430865 -0.5096605955706248 0.48446915356022974 0.711010349130889 72.18098797815483
0.4078207028699019 -0.5628821466717217 0.7189199978223828 3.3202142419384253 0.7495616259266847 0.6560027593903235 0.08841803328745038 4.42474095989872 -0.5213824347337005 0.5028161379972912 0.6894463634835166 72.33414525188935
0.3737710781377411 -0.5798096200466427 0.7239585524386876 3.539252691627739 0.7622158878341315 0.6367620060289783 0.11645208461497232 4.724273308053013 -0.5285093390669406 0.508286289584241 0.6799433258292256 72.27530700378682
0.35234238974647003 -0.5831673235453524 0.7319636009643505 3.756787477056605 0.7625047437105344 0.6323613184556124 0.13676870526552085 4.981428186816383 -0.5426245075617915 0.5099363055029771 0.6674755487081877 72.27964812125327
0.33446779041820973 -0.5854352867509667 0.7385098660137016 3.9470084170264457 0.7616253444353651 0.6294433101303443 0.1540388069476687 5.249136364902427 -0.5550298477437668 0.5109468116731567 0.6564108650491435 72.22044161107497
0.3153365149662732 -0.5908943143126992 0.7425677017227803 4.182607145172549 0.7757890351503806 0.6111752886905853 0.15689531361521236 5.628026709697558 -0.546547578230262 0.5266010594433893 0.6511352155456913 72.29870480677604
0.30197075804327966 -0.5868253865775483 0.7512986270151697 4.389752535664487 0.7847518256925645 0.600475280795454 0.15360341541060085 6.0280684140375715 -0.5412746376461314 0.5431992294008953 0.6418382692075322 72.39677901976735
0.302081953312724 -0.5805677520406127 0.7561002438653749 4.616396260761089 0.778748851379668 0.6077510214872718 0.15552788288927155 6.346855486377432 -0.5498151689046179 0.5418300297802636 0.6357070857483833 72.29087844672526
0.30361894789701843 -0.5794502591168734 0.7563418087659151 4.961369496661063 0.7714871530763765 0.6153458652319632 0.16173137846450064 6.570029963774971 -0.5591270938847556 0.5344032778261265 0.6338690949499564 72.23830408827901
0.29464350425421953 -0.5769595444398198 0.7617761413175068 5.271576340032779 0.768381660223333 0.6169754467045614 0.17009092390875724 6.730891097245735 -0.5681327570499916 0.535218630321756 0.6251129402942129 72.33486282453129
0.29618892477927344 -0.5723170948484715 0.764673305263303 5.633961255802102 0.757989980125273 0.6279616332372858 0.1763955135813905 6.884053245887093 -0.581139665543304 0.527368305955298 0.6198059043007365 72.36833447481924
0.3018198119768251 -0.5713682790757001 0.7631795927331572 6.038904753402634 0.7453506953617486 0.6405503252524206 0.18479075123709346 6.98381310196858 -0.5944385098746789 0.5130629303361189 0.6192005228460999 72.37818206207454
0.3071794105689792 -0.5695626703334059 0.7623904342823138 6.439710373227332 0.7318166041353992 0.6534980951519774 0.19335122845346087 7.067974807197616 -0.6083463385557797 0.498536462252673 0.6175565789224199 72.42531248443046
0.2945637871171557 -0.5700058759183402 0.7670237784695896 6.720680745432493 0.733986417319893 0.648933696145882 0.20037214675783935 7.2509774010921015 -0.6119608766163924 0.5039626567762777 0.6095289378412563 72.67158095948828
0.2984932327023247 -0.5723589515638673 0.763745389901391 7.137764613127436 0.7250781131134573 0.6563477574725893 0.20849304819231776 7.348873605729144 -0.620615436413517 0.49154130225791587 0.6109203125284421 72.71395120907005
0.2832945613657019 -0.5747093567458414 0.7677586513803649 7.448784105685022 0.7330601522254628 0.6459415195175778 0.2130313746434933 7.596517148859489 -0.6183583141834446 0.5024626440165456 0.6042882479811335 73.04735554759465
0.27216362702442526 -0.5741759123320384 0.7721716012795229 7.764102232271608 0.7372275373753139 0.6401366565447424 0.21614952945412888 7.8414501134593255 -0.6184032003963398 0.5104381281265971 0.5975202081052806 73.38983788316675
0.26146858954804264 -0.5746923353202134 0.7754759160695824 8.094698105408705 0.7436687286467194 0.632109718083368 0.2177019208402381 8.092096207824854 -0.6152974879785589 0.5197749744156198 0.5926575547974686 73.74774420816607
0.25826221006271693 -0.5728754942914047 0.7778909299470589 8.419226739557331 0.7451821583059988 0.6305733526074472 0.2169811003839016 8.332958195464363 -0.6148204467939635 0.5236324235776236 0.5897498649277435 74.04017187343779
0.25449272229430053 -0.5697485906286546 0.7814217796912869 8.749982773929963 0.7448679634619106 0.6308168217099441 0.21735191385368918 8.557570031617063 -0.6167699500683671 0.5267415693909296 0.5849257626128642 74.35834126173866
0.251221954111304 -0.5662874428236576 0.7849879374058818 9.102648005498558 0.7440183676151824 0.63172781404165 0.21761580277495718 8.787651874830495 -0.6191318102179307 0.529375576567709 0.5800321547206416 74.68776662092085
0.2463675765400046 -0.5635687403326929 0.7884752958397789 9.481260580334322 0.7454464500715207 0.6301005100412761 0.21744640103134108 9.025195677266876 -0.619364680382703 0.5341943674034182 0.5753466524877768 75.1058137600322
0.24137776316039364 -0.5622575775533745 0.7909508151177898 9.890158604720728 0.7491375558400434 0.626061188157119 0.21642622556726843 9.262194983487452 -0.6168708923929597 0.5402904822103574 0.5723255165997841 75.48730377679112
0.2402975073931055 -0.5578004405657487 0.7944279554782278 10.283974368433878 0.7465977521385234 0.6292394644665654 0.2159849366495868 9.470340876210765 -0.6203619140810953 0.5412174838846947 0.567657229932956 75.85207299394584
0.23264811334460445 -0.5579138500647393 0.7966222387450248 10.686269481489333 0.7545020462012865 0.6203808420023915 0.21413610894584661 9.732883591530886 -0.6136786762103308 0.5512347474373652 0.5652775739248788 76.2587864362287
0.22880110939870935 -0.5565903539651775 0.7986596460388098 11.016258010950544 0.7588905981882177 0.6158254583943714 0.21176417254786542 9.973657405521589 -0.6097008383784985 0.5576434189213314 0.5632927347430287 76.54829460979252
0.2270846445261739 -0.5553594268240913 0.8000052945187527 11.354494159712994 0.7635239949900007 0.6114537957680042 0.20773869335152614 10.22208917279512 -0.6045359156368836 0.5636489711500474 0.5628820160802467 76.82186843586037
0.22753677957523394 -0.5523336998217382 0.8019691377988062 11.708365908077011 0.7670637233827223 0.6090064758944618 0.20180276655396456 10.483387929670688 -0.5998668670719873 0.5692438812669222 0.5622465166005078 77.14107063498516
0.22849814263726803 -0.5480264393378736 0.804646270480371 12.090242750455163 0.7713078842298325 0.6062219770445979 0.193853197737437 10.765494420096928 -0.5940309306224835 0.5763349168103412 0.5612177092082893 77.53117020678143
0.22995540581184115 -0.5434469822188472 0.807332576361897 12.50797805469169 0.7743657979028329 0.6046452738890944 0.18644490822192442 11.005012774266259 -0.5894727494772047 0.5822967201357064 0.5598682053331653 77.95189800541425
0.22840738727972923 -0.5402948423969617 0.8098836636920699 12.797075300099829 0.7755469421122883 0.603844266011583 0.1841169274814316 11.122544346254676 -0.5885210327731046 0.586049132483077 0.5569465039835583 78.26191401256774
0.22992519253122404 -0.533730963351492 0.8137970659810516 13.23391309447143 0.7793652925221126 0.6017846210111016 0.17448498710902988 11.419999382925043 -0.5828585991914307 0.5941266941271078 0.5543368332288539 78.73182692779038
0.23490718439681518 -0.5289190805979979 0.8155140838134733 13.661832699681696 0.7856963068117354 0.5972781761152575 0.16105928659602997 11.803921957688935 -0.5722760943645605 0.6029124202699694 0.555874702881008 79.07201350555556
0.23690913373414324 -0.5220059071706683 0.8193801896752602 14.11148873808118 0.7913114470293958 0.592984561490616 0.14898155467713656 12.136238392173581 -0.5636490540696191 0.6130898324982251 0.553552708541579 79.54111210082817
0.242811806479141 -0.516616531100388 0.821066249719313 14.556681472981907 0.7994845652541092 0.5859474545604556 0.13224980307948067 12.571576582475748 -0.5494241135541639 0.624317980109428 0.5553019027135607 79.8903425309768
0.24638104768452154 -0.5106089463482398 0.8237565679562234 15.01568817965076 0.8083136259838697 0.5772070403146402 0.11602204385379283 12.987132114587068 -0.5347199840951142 0.6372680256535272 0.5549450442061546 80.30308045127495
0.2493020585015493 -0.5002762572437791 0.8291997045736601 15.47067134979299 0.8101904858718338 0.5767934163064061 0.10440656831989417 13.285869360962378 -0.5305090576320498 0.6457809391300837 0.5491148499418106 80.76810291810412
0.2506488918071632 -0.490343243892163 0.8347087133875809 15.94747126957559 0.8104398052343035 0.5778838841591167 0.09611211432980975 13.549972360036971 -0.5294926393516898 0.6523907721591982 0.5422396382356254 81.21208951964132
0.24857665418394964 -0.47578223221502863 0.8437066519254165 16.423461939419195 0.8103240510501254 0.5793425586669704 0.08796096865605418 13.765277081897484 -0.53064543650579 0.6618107487988416 0.5295488206859599 81.80377931113728
0.2489911174461023 -0.46481156312282307 0.8496785475815296 16.877956228175076 0.8134051806273708 0.5765721870645995 0.07704884964805425 14.071532622837696 -0.5257142147226849 0.6719484532989515 0.5216414866051706 82.24207692155125
0.2510456216144362 -0.46052348201207943 0.8514071989263949 17.324731937276365 0.8208966329606859 0.5673831610829801 0.06484648420140665 14.4535535600821 -0.5129374365963392 0.682637876941315 0.5204812341506901 82.52512629802271
0.25321709416764804 -0.44951380315055384 0.8566320353561473 17.759745458297072 0.8208213957305416 0.5684657291798639 0.055668223062717355 14.714795232837423 -0.5119895892811215 0.689045757207111 0.5129157873790023 82.85322769081554
0.2535090067570377 -0.4357715432452442 0.8636181711790906 18.179935459508062 0.8197317177661007 0.570784212247649 0.04738453267742953 14.959196425041547 -0.5135884484500133 0.6959228011399538 0.5019146944175108 83.20733795407388
0.25754613112858654 -0.42846267911512914 0.8660772038023983 18.61350750502114 0.8271594218076324 0.5610781029479548 0.03160147634488271 15.357722051458166 -0.4994770077346432 0.7082450811673879 0.49891043659823486 83.47049767660697
0.25578022821296326 -0.4240036837296528 0.8687907406499031 19.109847222031963 0.8335214030576912 0.5519663190505443 0.023984438257315496 15.621887150779804 -0.48971271731501376 0.7180209320190234 0.4945982164165904 83.7931115308234
0.2458382705082778 -0.4278923026033581 0.8697538284631425 19.57659173881731 0.8484406122411217 0.5288977940887455 0.02038751843549117 15.93036354213977 -0.4687345434821303 0.7329224384481926 0.4930645261684803 84.13111006571108
0.23711261431092948 -0.4134978670573273 0.8790888021546381 19.976005506561922 0.8456998591186494 0.5331765043790713 0.02268399137714754 16.091472111992935 -0.4780892766223942 0.738066615636519 0.4761179627587315 84.47013960992928
0.2262817305760302 -0.4065930990328586 0.8851432823144346 20.34383778085864 0.8463300145973834 0.5319234512778529 0.02798121463117818 16.304163315587818 -0.4822054383756973 0.7427916893715911 0.4644765025288059 84.68647367173932
0.21562472560356627 -0.3840985976861267 0.8977606835699233 20.71945808179509 0.8392161494740397 0.5429293692490229 0.030723842025541247 16.45290271787349 -0.49922162630473266 0.7467904440084903 0.4394107424349712 85.05066959307442
0.2055241261363541 -0.36818116156380193 0.9067538066340921 21.180202924006498 0.8409115314347055 0.5404042887879743 0.028827087256404843 16.682404187626023 -0.5006272364504513 0.7565750702534958 0.4206739036295155 85.44563581194865
0.20227301499761532 -0.3533101622353686 0.913377006862441 21.564248512590577 0.8338695215506268 0.5512223936755944 0.028556851007482353 16.933828577447674 -0.5135632857133513 0.7558609673556074 0.4061119914451498 85.58120793452939
0.20992897650982137 -0.35089069184915145 0.9125818030155775 21.937074593470314 0.845302754124727 0.5341755974193655 0.010940063564811406 17.534692151670598 -0.4913176962930202 0.7691112751060647 0.40874780465959215 85.56928914746658
0.2015474501726435 -0.33861439267700943 0.9190859145917131 22.489904097321702 0.8417422321023553 0.5396915528999743 0.014249295552634298 17.688101694186912 -0.5008479210541273 0.7707615200568746 0.39379949108063705 85.91366369595013
0.18792298837454569 -0.3351451704383097 0.9232348916566451 23.068855283933996 0.8532278168105862 0.5213060124770859 0.015567079876094625 17.923582449477202 -0.4865051315875425 0.7848042788409775 0.3839205658100066 86.29595603967313
0.1799668271657214 -0.3323810708929082 0.9258157294148693 23.646093303440395 0.8511687286409867 0.5243963458406316 0.0228093808040904 18.081448628785957 -0.4930757918450063 0.7839204654689566 0.3772863200744868 86.50286781799832
0.169114952686414 -0.3250780951836989 0.9304431013283991 24.31251063261252 0.85300959020407 0.5211935685538175 0.027053708026977267 18.21830286798307 -0.49373552819069755 0.7891017020193687 0.3654363584434123 86.93630706886664
