0.9999998916107385 -8.970672069104986e-05 0.00045687112179189924 -0.00019212406080602006 8.94738515518993e-05 0.9999998661005972 0.0005096991568250865 0.00023570854366648493 -0.00045691678405704696 -0.0005096582235602434 0.9999997657377515 0.001719958916696164
0.9997871177369972 0.004274508793760609 0.020185335808981405 -0.5383794755278647 -0.004244255893449115 0.9999898052001804 -0.0015413590164589156 0.11456257174883384 -0.020191718576193788 0.0014553591579948013 0.999795067216608 -0.5551585451449693
0.9544637439927409 0.23782118552610332 0.18011120209002643 -1.3083513480229516 -0.2768355364820348 0.9310690292576019 0.237639534795885 -0.003298503250535755 -0.11118024619535208 -0.27667950135899166 0.9545089870628148 -0.3186364579356032
0.9536119069929627 0.22309591459223804 0.2021201220400649 -2.143812295220944 -0.2690538962121158 0.9327913197367185 0.23981316635436245 0.2604588900408285 -0.1350345577040122 -0.2830698972269527 0.9495457342906636 0.5927441854445963
0.952784345491118 0.21417200517053778 0.21524949056453252 -2.437814748221532 -0.26431760993323045 0.9339028081494565 0.2407524579516161 0.6658204553320757 -0.1494596670217239 -0.2862794039601724 0.946417408336287 1.723711064599305
0.9599087206193518 0.12785399527264266 0.24945661741422778 -3.8339053783605386 -0.20510330706257418 0.9269549809266936 0.31414502505560943 -1.4224645517262995 -0.19107035748885878 -0.3527149262903645 0.9160154470646545 1.998896376094287
0.9596376894938379 0.10902212483830255 0.2592483002811717 -3.922216858035597 -0.19277436496775474 0.9261769561296811 0.32408994144472414 -1.6150800358115895 -0.2047768275811834 -0.36098534905187996 0.9098109851258602 2.5022963807190686
0.952009655422822 0.17411941608141282 0.2517142127993485 -3.9703793780806156 -0.24552282796060063 0.9254985163690669 0.288393892357119 -0.47075430368006294 -0.18274615435613698 -0.33635535545331835 0.9238338151020034 2.104017447681497
0.9598867982272267 0.11517374261197424 0.2556410444389492 -3.725389606343917 -0.19803345308316497 0.9239272242589642 0.3273243586002742 -1.0835812558337388 -0.1984945491670835 -0.3648198093386289 0.9096737990428639 2.8706448074707644
0.9395919824705147 0.160985929990758 0.30207687237215325 -5.498938513281851 -0.2512087599652673 0.9237600859370524 0.2890699959288118 -0.271862690149117 -0.2325103554550712 -0.3474922070702901 0.9083986463175626 2.348448846585864
0.3074170692174024 0.06532191896380815 0.9493301809468965 -30.593796953257254 -0.46039889307433923 0.8833086985572942 0.08830969544130896 5.793447440329322 -0.8327830478640316 -0.4642184722260627 0.30161831050914883 21.614383837169648
0.38006155084171894 0.046777634218903394 0.9237776087937327 -28.114848405935426 -0.4630273334573436 0.8741978315115362 0.14623214370274115 4.042485500263896 -0.8007239886772233 -0.4833114982259371 0.35390830682456614 20.84994855531602
0.2507805569743198 0.37553996688243124 0.8922325064228458 -46.44204778784083 -0.7782350587918527 0.6263660139552015 -0.04489777087012759 27.001739365704434 -0.5757250259549991 -0.6831071291062689 0.44933878605490996 14.50149492653335
0.32904643652497845 0.37254058072544877 0.8677222817946751 -42.99887606038822 -0.7961181874627116 0.6036302298485328 0.042736134641400955 24.618689937770263 -0.5078624559871473 -0.7048716630179929 0.49520870799386196 15.307610285131728
0.4070189412326554 0.35830691960555505 0.8402093387011501 -39.775493612060565 -0.7835593821796852 0.6097032519061847 0.1195685544497724 22.993867886985413 -0.46943612566145115 -0.7070205767711408 0.528915520613803 15.85025057691984
0.3122056293445435 0.391502751012014 0.8655941548760618 -40.6362908658454 -0.799525227016586 0.6003969536228837 0.016819912141211455 25.677575032483453 -0.513115051786295 -0.6973156344370786 0.500463634642878 16.728504300832867
0.3091890898851649 0.37543769310770253 0.8737554836966381 -40.008195021352144 -0.7809636030863037 0.6245252258706286 0.00800580449997605 26.02753869926334 -0.5426766600384063 -0.6848465381712907 0.48629955974106637 17.2961677175191
0.30851053452887306 0.3758623845154109 0.8738127476702846 -38.816556779605705 -0.7760665151889143 0.6306451378026314 0.002733892541295606 26.323147112347538 -0.5500381932986459 -0.6789802486613902 0.4862548795029945 18.09457209896982
0.30616376013476276 0.37778238997182223 0.873810172638953 -37.60706861923244 -0.7728898131100901 0.6345304435228074 -0.0035288855735956214 26.64863637245244 -0.5557923072252674 -0.6742785641483193 0.48625438729053 18.900056374107447
0.32181342016464215 0.36856244782098974 0.8721226087300611 -38.29556964290139 -0.8301049330778535 0.5528513540262516 0.07267173061887632 23.851665484245544 -0.45537009418904334 -0.7473400179352979 0.48386049116529556 18.661714154503866
0.3425127763968831 0.4169280270011554 0.8419358754120313 -35.859279836027774 -0.7862885680436839 0.6177010797997172 0.013987986919583868 25.778262251297676 -0.5142327155760371 -0.6667956180983625 0.5393962531535753 18.155138892413905
0.29419523897084837 0.39465989188770195 0.8704554733598214 -35.486517320844584 -0.8024129107227571 0.5967689069086876 0.000626460235519519 26.20344311064516 -0.5192135226208081 -0.6986490116519056 0.49224676377351495 20.26906088716726
0.2609246268939254 0.3955017534711255 0.8806229057215809 -39.46021413374659 -0.775263439902581 0.6294128542116156 -0.05297223521417858 28.467599129269978 -0.575225988486841 -0.668892982437729 0.4708473640309378 25.844881397095683
0.42547790592606083 0.32057177096145356 0.8462873573623861 -39.08973351201162 -0.6852968538678591 0.7248967606367501 0.06994932806791566 25.633074717980783 -0.5910471839435341 -0.6097199570958584 0.5281143818070452 22.40423786797586
0.37413649959972317 0.31225747378781193 0.8732222796807925 -38.70803191081006 -0.6652300960727431 0.7464188047266848 0.018107656652041046 27.554440082925574 -0.6461352791376647 -0.5876684762806632 0.48698558812315274 24.294133427138853
0.37462537126576084 0.30978017722621903 0.8738947722704851 -38.273670026733384 -0.6695399044482198 0.7423928781620757 0.023856462556081974 27.237740362325773 -0.6413829959980625 -0.5940446584659403 0.4855293978665232 24.39678023508911
0.36684043871464034 0.31873459476598914 0.8739773169957056 -37.21258310666253 -0.6754830768522947 0.7372297136994937 0.014661586705023794 27.556061723321278 -0.6396488922915474 -0.5957353500824983 0.48574549637879244 25.06364128630388
0.43698541132215485 0.31858794414089653 0.8411572220100569 -36.1207496069205 -0.6828810122604784 0.7261662722221865 0.07972495331462258 25.712722063974343 -0.5854205952865825 -0.609248936753274 0.5348817249442135 23.868324583212594
0.4976525065358908 0.3067393166636632 0.8113279080317913 -35.33988447674616 -0.7391317715183903 0.6394575888729562 0.21160863962715867 21.533651826851653 -0.45390109833598835 -0.7049858038609557 0.5449484464459814 23.534255745870695
0.48900809157570724 0.30341999548531834 0.8178064518657053 -34.84298055287589 -0.7355885285915338 0.6473327035781603 0.19967445375591028 21.925471703061408 -0.4688076396327412 -0.6992114681681569 0.5397431980155973 23.819748837499567
0.5082901999264108 0.3126237616004294 0.8024384439578908 -33.48767052687833 -0.7360617616821695 0.6414064567722212 0.21635812949883537 21.494456635616796 -0.4470505068200867 -0.7006169715998164 0.5561310128541648 24.075020895663105
0.4980212764003324 0.3164837516006607 0.8073492696629805 -32.74055654179717 -0.7441987065704433 0.633897422087968 0.21057621757714523 21.81152742484034 -0.4451326694272787 -0.705699718891109 0.5512212018469052 25.028080522475477
0.37263654553603887 0.2624688448792568 0.8900854511779845 -24.067431692433708 -0.6857683227108816 0.7240911844302651 0.07357828617655526 24.387197172957393 -0.6251910208066576 -0.6378103653109792 0.4498156571359023 32.63409618072499
0.3824988441586074 0.25131605456911776 0.8891202814766624 -23.259278538440245 -0.7000305636662965 0.7068847567371789 0.10134668532154353 23.550964404039778 -0.6030355247830572 -0.6611763618040413 0.44631152174372024 33.02909242833038
0.41098906776040844 0.26046564971320646 0.8736393028595408 -22.60131005074946 -0.7047802786802349 0.6986352740988319 0.12326196724154036 22.720815854260447 -0.5782497254342931 -0.666383072342269 0.47070251319792156 32.185651054827694
0.40165499243255415 0.25852237447238713 0.8785439368359199 -21.816539569834752 -0.6719166941297041 0.7350275953253539 0.09089769116994233 24.119924251944088 -0.6222549503248677 -0.6268178491454902 0.4689330024521775 32.3422295502655
0.3913778077609152 0.24332916755836878 0.887476381549169 -21.032296481097067 -0.6643530901148919 0.7420375817574048 0.08952764329751191 24.398404489097995 -0.636756141114514 -0.6246368092539584 0.45207352640690923 33.42974546455124
0.3858573349923287 0.24369527521154588 0.8897902729700857 -20.170160923452286 -0.634066862399984 0.7706333169051187 0.06390230732960436 25.30939094217432 -0.6701293390375096 -0.5888437005822311 0.4518736164523976 34.02530052647509
0.3872904799869092 0.24804353719512365 0.8879642378875602 -19.782423935108298 -0.6357265107494435 0.7693918230806425 0.06235403841752731 25.224568747997395 -0.6677259075712412 -0.5886515320903988 0.4556659808739126 34.117397252794724
0.3735654844005208 0.24379342179845606 0.894993629224476 -19.22797394532469 -0.6289507370478805 0.7757569360373417 0.051206899504568776 25.676384854633053 -0.6818136103302176 -0.582036032971966 0.4431300679154215 34.821544042868844
0.3780508910510396 0.23873492921022632 0.8944736761640859 -18.88626062041733 -0.6284498929923081 0.7756397939461663 0.058597287011365885 25.460875170239866 -0.6798001587036171 -0.5842846426375787 0.4432642559516882 34.69637529645188
0.339218899214442 0.2304275070183273 0.9120491776352077 -18.53684700625907 -0.6470435421838311 0.7609145630870485 0.04841159158961641 25.8056435419251 -0.6828361391534135 -0.6065576573511836 0.4072132308443535 36.11292955358717
0.40783611070044934 0.24082116853756322 0.8807240609821734 -27.92628630819265 -0.5987957973403923 0.7987343453473589 0.058881564602207524 28.021864800252516 -0.6892846290874409 -0.5513878946320097 0.46995541252022943 39.94534448520702
0.3109262487763398 0.2944105255861846 0.903685404466581 -28.72861052172744 -0.5938733283933134 0.8025280962888267 -0.057123764669957236 31.834049904917666 -0.7420507648705132 -0.5189133811062144 0.4243696092605945 41.183803198038994
0.27267516956962307 0.280488827800146 0.920312050002319 -28.392092385169043 -0.5955769287362154 0.8004573586558043 -0.06749917726091555 32.10069886666833 -0.7556033177913547 -0.5297112746138809 0.38531752061076097 42.65359430225642
0.25004181725199137 0.28229103016687873 0.9261699973075297 -27.543462573421422 -0.5970023174167969 0.798031560899761 -0.08206010484303684 32.46899619644262 -0.7622777201416043 -0.5324071769756614 0.3680696609074228 43.53055644357219
0.23198689692444982 0.3115039013132669 0.9214919419734412 -26.130945331372487 -0.6066963799208313 0.7868260393835081 -0.11324436559501319 33.09486336900609 -0.7603299167113686 -0.5327946163529377 0.37152162055391097 44.14481560166597
0.1845964758560104 0.3422257702107059 0.9213064980261614 -25.336252609130142 -0.6069506069261684 0.7769935808980183 -0.16700879017352993 34.22586490589925 -0.7730039468550541 -0.5283583040389941 0.35114441573167704 45.085354630630164
0.19905623887492555 0.4587218413559115 0.8659970473552501 -22.43540105228696 -0.6216673968850476 0.7422247342085472 -0.2502640437202735 35.854159910486445 -0.7575660112591742 -0.4885455108708855 0.4329168770015392 44.02730922386609
0.14381246435780798 0.3760191787113553 0.9153838278758067 -23.386502819142255 -0.5777659187719768 0.7828845863866353 -0.23082085586833817 35.57885848731765 -0.8034329581246323 -0.49568266223407237 0.32983962794005683 46.11890938502639
0.12886608766104432 0.457308117380153 0.87992205179161 -21.675608580804827 -0.586674128579239 0.7505387837334034 -0.30414634794416257 36.692924060030336 -0.7995042203182706 -0.47703335301654093 0.36500983795381703 46.00253589308001
0.04031086027826818 0.4626367890713674 0.885630981809778 -20.666294635419003 -0.5984452185269076 0.720968833316824 -0.34938125566213374 37.07087898479145 -0.8001489579858834 -0.5159177674625133 0.30592564823922425 47.90491802973187
0.4278040659763631 0.26438224178784103 0.8643412007774006 -24.803163382098283 -0.6080945136470655 0.7916827369530333 0.05881756950846844 28.15678488868064 -0.6687336866095657 -0.5507635374984259 0.4994544845687036 46.72506460820696
0.38927322605760634 0.22608820649845918 0.8929448350021485 -24.686479055868027 -0.6743938619897668 0.7302674267281866 0.10909814100302326 27.182496970748744 -0.6274227238355518 -0.6446655011260501 0.43674605581810433 48.2024690282525
0.5022089448738951 0.2315878193543495 0.8331586029174392 -24.23635766603503 -0.5620874909077355 0.81959602056412 0.1109955658596318 27.419064849048592 -0.6571482543944618 -0.5240509946581037 0.5417810690160317 46.205414763010964
0.5231389178493664 0.20624060906496017 0.8269162495705962 -23.787688754880747 -0.5825570658773852 0.7947416472566904 0.17033196738149511 26.43061423998948 -0.6220554136310709 -0.5708331851672854 0.5359072093973366 46.459920966470726
0.5078831145523297 0.19676284759923635 0.8386531605838409 -23.327021827949867 -0.5782886885638783 0.7994560224091758 0.16264151042328637 26.705405576005532 -0.6384645132125126 -0.5675865132632549 0.5198159437050447 47.02330119386488
0.5111668638274726 0.19079857709976247 0.8380360017931701 -22.607652120131217 -0.5781577114947511 0.7978019790359006 0.17101363362476196 26.746538381932513 -0.6359576227736612 -0.5719334797186627 0.5181216042715876 47.485340440348054
0.5159132547787791 0.1843898909111475 0.8365607459553307 -21.979199318639548 -0.5747717521988657 0.7986220523629534 0.17843836570040103 26.786970080766384 -0.635193629075268 -0.5728902037994371 0.5180018030594369 47.889457299771294
0.4993564962140848 0.1890248723485551 0.8455250956195223 -21.826505730982703 -0.5774441139058847 0.800166707623262 0.16214664759652725 26.789590120892075 -0.645911282611038 -0.5692124714418677 0.5087197434253944 47.923796209993355
0.5378618265341156 0.17082027305231035 0.8255453287807519 -21.259614641300733 -0.5995990976435019 0.7658814121553179 0.23217791587502884 25.550316021802463 -0.5926091272183381 -0.6198758721141743 0.5143620568317679 47.841383087321034
0.5344777887350264 0.15720045497650212 0.8304345310161999 -20.91480035972097 -0.614072512199903 0.7473449159308968 0.25375288450131245 25.41972215775622 -0.5807309558732076 -0.6455722992720639 0.49597173639549846 48.38793977738225
0.3237082014373596 0.21390734195664277 0.9216597253754966 -26.397050757725985 -0.8017257581408628 0.5792986446708126 0.14713561436995348 35.44492874987259 -0.5024428415806578 -0.7865473471696492 0.3590187482635725 49.838332132535584
0.3238836472600879 0.19480095426595423 0.9258250219423656 -26.30497022056671 -0.8300635635833723 0.5280676847256621 0.17927353613893607 34.68988280918131 -0.45397561988369106 -0.8265573837100224 0.332729662016574 50.19281485947113
0.31184521658138453 0.21420756385031564 0.9256714754623366 -25.31813718791624 -0.8176155088983956 0.5567890757043981 0.14659742421017471 35.714825691991365 -0.48400148812180926 -0.8025590599859604 0.34877143623054624 50.53474689797448
0.428810608557448 0.19937678538571194 0.8811188111928209 -26.12134081477606 -0.7530949007701505 0.6175995679828474 0.22675723596260003 34.116977289560275 -0.4989684683650714 -0.760801992029902 0.4149828869974636 48.81065037633199
0.4675427372401521 0.20065565256088017 0.8608955209253643 -25.529729760654376 -0.7307877917570866 0.6356788013941072 0.2487200532264186 33.63923395666123 -0.497345948282264 -0.7454191911626098 0.44384370804787976 48.4094835309888
0.4878854688959476 0.1988772337411165 0.8499503603973925 -24.846420794937774 -0.7212649146249389 0.6402941646645072 0.26419747468068727 33.44894403244221 -0.49167539309105956 -0.7419374829431755 0.4558333897738143 48.40455566423586
0.5015458941800928 0.19069112233304042 0.8438534303387382 -24.950181977869608 -0.7594311549696661 0.5642496163516928 0.3238621486194439 32.093329586944485 -0.4143863377242593 -0.8032803161476886 0.4278138576497269 48.73101388359985
0.5130690861893826 0.15050209937448955 0.8450498392879903 -25.65580964410256 -0.7880113158536537 0.47289731991428224 0.39421604597540066 30.43968966620546 -0.340291461666876 -0.8681689022890436 0.3612263531566566 49.62304968344382
0.4895778503524982 0.0894077307718828 0.8673636988728858 -25.30248321527451 -0.8464845114819618 0.28742287681474643 0.4481652169732521 29.834923766723946 -0.20923073451425456 -0.9536217004461258 0.21639813347823927 52.395963367657146
0.48191899495091434 0.09347397916999728 0.8712156435255423 -24.49499053464908 -0.84569007585843 0.30977997524873624 0.43456261059765416 30.69386835083324 -0.22926486407658722 -0.946202400204635 0.22833887086285254 52.42338623717026
0.531766966854803 0.08740601773260016 0.8423681386580184 -26.935990279457016 -0.8187925413931231 0.3071488032512562 0.48501380064933225 31.424740000474568 -0.21633924082568531 -0.9476390666944088 0.2348989828703282 55.956079117340096
0.5111447689706381 -0.07582356633392057 0.8561435697021655 -26.39144283839907 -0.8580638614507945 -0.10246898861466437 0.5032161722803074 31.341544272609745 0.049572520877133534 -0.9918421714974094 -0.11743794962955201 62.465003181819235
0.523387174501404 -0.09905853713253555 0.8463174769485772 -25.67592937710085 -0.84903144293587 -0.14477333249297272 0.5081203510046728 31.654576928749485 0.07219054282709769 -0.9844938234544874 -0.159876318153402 63.050413063436174
0.5731186238360109 -0.13558697180917656 0.8081777131843813 -25.30233507050458 -0.8156023595542917 -0.190112222853758 0.5464889146277976 30.824788487111377 0.0795476844526839 -0.9723546245054897 -0.21954190966873635 64.00674308739283
0.6152084355104356 -0.14186534406795578 0.7754951998750745 -24.370876973362478 -0.7851207727178915 -0.1993917678739137 0.5863687365054265 30.431305595424938 0.0714419563257923 -0.9695963835826674 -0.23404892612389497 64.06960107677136
0.6323483311876813 -0.15016800173697997 0.7599902363178637 -23.7082360694389 -0.7706051900739012 -0.22247191530577368 0.5972218079837223 30.60953344756666 0.07939287798866235 -0.9633046341394308 -0.25639998590127605 64.24591800273885
0.6501151286075763 -0.16300074446469526 0.7421462637913803 -22.855098199490087 -0.7556864666505633 -0.24063511634684093 0.609124539730524 30.824868526132743 0.07929869908602362 -0.9568309663073669 -0.2796179862572628 64.54601920847392
0.6749329511845101 -0.17666137945595473 0.716419059220289 -22.340966323175024 -0.7341891916966532 -0.25775936198567745 0.6281133194771019 30.742872845160424 0.07370035414551884 -0.9499215063979995 -0.3036731622672145 64.93113816361276
0.6693357823043569 -0.15827056336994264 0.7259063571133465 -22.339342591557493 -0.7399026385854643 -0.23054725860241299 0.6319747201947006 30.99989967789782 0.06733272563377074 -0.960103322732223 -0.2714183371426015 64.49200472491263
0.6599856106102608 -0.1498448346662252 0.7361830745889607 -22.06865124822942 -0.74825368347775 -0.21894639621119 0.6262418867722815 31.452913716259552 0.06734551914847045 -0.96416233130629 -0.2566234204834759 64.15732155752465
0.7680318000815762 -0.1909279401262429 0.6112885372249296 -20.07851595456629 -0.6397496306545732 -0.1853465607402108 0.7459001692579899 27.912763613223746 -0.02911295486168793 -0.963946665589394 -0.26449813186163695 67.63798582284272
0.7431037455192556 -0.16690539457098866 0.6480273240059794 -20.297506350733045 -0.6691636855343142 -0.17941191515814758 0.7211319758972053 28.58545513106818 -0.004096993700155875 -0.9695122247616966 -0.2450086951114846 67.29808211657516
0.7454212400594247 -0.16985864678349544 0.644589183109015 -19.994751556849675 -0.6665123619376544 -0.1748153315345783 0.7247074383809906 28.8347575274887 -0.010413753048521672 -0.9698389763117017 -0.24352394907710564 67.25629480533756
0.7460768431524933 -0.1565917099956998 0.6471849661976382 -19.860071614796173 -0.6658087909392405 -0.1634062631560998 0.7280089608441552 29.03602849878923 -0.008246091173614023 -0.9740520671514324 -0.22617376607019293 66.94575741153739
0.7356562557687039 -0.1766326588202597 0.6539195494756653 -19.972980244775467 -0.6771763952478013 -0.1696133045318206 0.7160052071353846 29.39485764298508 -0.015556447780945566 -0.9695525930881076 -0.24438855572337462 67.22983615829807
0.7256075150361384 -0.1756026552415036 0.6653250646076753 -19.951716275864456 -0.6880501816859257 -0.17253501791328021 0.704853612515122 29.73375714586301 -0.008982293973980274 -0.9692241098248547 -0.24601614444821937 67.18166091898068
0.7267141312517148 -0.16743059489045792 0.6662233614439617 -19.654954287163292 -0.6869103578092406 -0.18612775481813212 0.7025031097587645 30.011249952433424 0.006382144893648857 -0.9681546647003132 -0.2502714794889095 67.06258877510497
0.7116643480449795 -0.17355362095122848 0.6807444427804205 -19.481078428872667 -0.7024750799911342 -0.1867164146540154 0.6867792531011605 30.559730487634535 0.00791313548172039 -0.9669623163047513 -0.2547965092645128 66.9597067452788
0.7202770960084144 -0.15975594879851285 0.6750399556983051 -19.23195026379359 -0.6936743235267372 -0.17163320660826742 0.6995412605908805 30.52214264240968 0.004103394375800397 -0.9721214323390072 -0.23444206734659578 66.58814634977928
0.7100299702378539 -0.16699829101918742 0.684082606240426 -19.016236752097505 -0.7041690448123972 -0.17093007849368766 0.6891508286247106 30.88261704479399 0.0018432829460606043 -0.9710275377468944 -0.23896050561791213 66.51380321711214
0.42964767782012203 -0.03485866379805675 0.9023235265147358 -22.489753711884486 -0.900363724715965 0.05971379922886304 0.431021374640794 38.52215685685717 -0.06890599509015881 -0.9976067039369082 -0.005729581203340609 61.58368058971255
0.41577541589594663 -0.028893874786348517 0.9090082219300224 -22.226354013261485 -0.9072438822929492 0.05667024849736325 0.41676974575567904 38.682140559897306 -0.06355581467152212 -0.997974762674422 -0.00265169499773436 61.54573320895676
0.4043187271140394 -0.019234983675756354 0.9144158694532115 -21.975678017119378 -0.9127641698475055 0.05513974971891751 0.40474828998220375 38.762740562166535 -0.05820598893125299 -0.9982933553840351 0.004737029512906875 61.45048731286449
0.3724150141702177 -0.02179165027807455 0.9278104230923233 -21.791047167178476 -0.9261164502509255 0.05604442990772384 0.37305139384666175 39.066624202365674 -0.06012801173510581 -0.9981904356656925 0.0006901813576069288 61.46662102120274
0.35837494874003567 -0.022872410837708343 0.9332975136247014 -21.503810616917146 -0.9315053049278904 0.05781401232140947 0.35910361578587446 39.05303681974455 -0.06217123938579914 -0.9980653249170445 -0.0005866783296739969 61.44286611956123
0.35629952004121646 -0.03072492207089405 0.9338664953740089 -20.8283042558679 -0.9315813955915153 0.06550309679044451 0.35758278439910307 38.8346755908394 -0.07215785062039243 -0.997379227513083 -0.0052840438345935535 61.46799902555216
0.3424172463417185 -0.03611668176778847 0.9388535640374556 -21.01904766182519 -0.9360922105236865 0.07251215693153024 0.34419959397709926 38.807835520137964 -0.08050964417148218 -0.9967133852794436 -0.008979131369996084 61.491370267469215
0.3062574773740728 -0.04947861487089053 0.9506619926256283 -20.812413067920062 -0.9490522945917896 0.061973620980972706 0.3089644193633991 38.89518552162911 -0.07420309752648445 -0.996850609155131 -0.02797790815107251 61.629467463788146
0.304216735919121 -0.043998225616736684 0.9515862198084322 -20.959474299253973 -0.9506253808167119 0.050309741016680266 0.3062357185338065 38.462267967405154 -0.061347884509556805 -0.9977640432995237 -0.02652076478513926 61.621280718111734
0.3084270716558147 -0.06580862087610226 0.9489688966916693 -21.22853288555235 -0.9498082179457549 0.03356162171524098 0.31102727640923195 38.02242366264638 -0.05231721124563613 -0.9972676887206484 -0.05215425621414607 61.65395386993906
0.2990306618125424 -0.13345370438728812 0.9448654782990386 -21.02190508962443 -0.9542320795282203 -0.03697476687187931 0.2967726486959532 37.94209584059633 -0.004669228543906407 -0.9903650717791276 -0.13840239486628897 62.163077432427116
0.29459919138794316 -0.1253825018331583 0.9473597757281161 -20.811300578463186 -0.9556098150109168 -0.03387623673826022 0.2926811952265519 37.579374680185786 -0.004604116458152154 -0.9915299434805287 -0.12979666133274817 62.14240471851401
0.28909926806999736 -0.13259921856608267 0.9480712317315916 -21.160179245203263 -0.9572958116581055 -0.037438779746572406 0.28667589147490774 36.582798258185164 -0.0025183691624454745 -0.9904624096888982 -0.13776020038461623 62.2290391753336
0.3736713110928364 -0.09643803039216128 0.9225342582041315 -20.66613084444917 -0.9274009672304364 -0.020358678775255407 0.3735143506996396 34.708999686151415 -0.017239409682731653 -0.9951307604996436 -0.09704417685355679 61.808258680699446
0.3842761907840234 -0.13449905279650345 0.9133683889829833 -21.3484514094769 -0.9202155465162982 -0.13552762336651797 0.3671996885270056 33.6765712442923 0.07439863672291754 -0.9816018888029173 -0.1758481582283565 62.621381735149214
0.37950281422231535 -0.20515911978311827 0.9021570537146868 -19.98041121802879 -0.9246955737282655 -0.1160021922871318 0.3626038986441414 33.51776688922959 0.030260699342445702 -0.9718298343611352 -0.23373288840236076 63.44975512893539
0.49162974944927784 -0.15588659616298706 0.8567377420151142 -18.698205613339535 -0.870267754466217 -0.05342176579565294 0.48967351416591315 31.399937652016213 -0.030565094352263088 -0.986329297991286 -0.16192680732739992 62.53740366658285
0.4630167836677274 0.014022587047270472 0.8862385824903485 -19.272188079918863 -0.8782496826291034 0.14212399825700583 0.4565942006654505 31.100477925667775 -0.11955313882903741 -0.9897495320392637 0.07812112917885942 59.2925750309079
0.4694987903727609 -0.05159244146919445 0.8814244753929631 -19.46376500363326 -0.8528770748558913 0.231753328500529 0.46785798049640553 29.655668665773067 -0.22841099146880633 -0.9714054841888443 0.06480589683093863 59.165526050714
0.5302416630933183 -0.010120290340284905 0.847786151363336 -18.644157917663573 -0.8195230669641468 0.2501777955427523 0.5155511743086622 28.3103237012547 -0.21731479800903059 -0.968147018970148 0.12436087899937022 58.02510444709146
0.7277119588387784 -0.05538655993424744 0.6836429140579744 -16.191210257116857 -0.673632143755731 0.12982885248177928 0.7275741913800384 23.794065701938905 -0.12905440659692743 -0.989988281769994 0.05716784144954269 58.70745779339493
0.7783283446550198 -0.08219636937234995 0.6224538093453903 -14.055051447869 -0.6160523962407326 0.09136393889594718 0.7823886986373648 22.869550747804084 -0.12117934226852907 -0.9924194614836108 0.02047387300791894 59.217539210514445
0.8265788910521203 -0.06807197200345577 0.5586891295654594 -11.975840823389095 -0.549694905801664 0.11549057935080295 0.8273436025116229 22.441230907480172 -0.12084224179791854 -0.9909733259320214 0.058043258768578576 58.75185883915434
0.8125178771987799 -0.05919964891289323 0.5799224955121017 -11.282804310951096 -0.5754391072201855 0.07758463672916933 0.8141562859950406 22.79762356542544 -0.09319084243650956 -0.995226620279115 0.028973111220238084 59.16168835964763
0.7529170301900611 -0.10412528302366003 0.6498260313999631 -11.717241025027832 -0.6506267897868431 0.03076366743463196 0.7587742596962789 23.32936570052368 -0.09899861646229723 -0.9940882869248604 -0.04458420950669368 60.12124787229592
0.7135089698282316 -0.15011475222853624 0.6843760012873212 -11.706122087069827 -0.6825556690323195 0.0716048133732459 0.7273173374625551 23.16397477447771 -0.15818567775401524 -0.9860721636194482 -0.05137099851428311 59.80771519326203
0.5645314267212805 -0.1978884501282042 0.8013391476459208 -12.663041709701492 -0.7957182245883648 0.1275810346846011 0.5920773485337367 24.066881798926033 -0.2194009464472987 -0.9718864341550689 -0.08543994266948307 60.25261164824001
0.38423812945904634 -0.21009818102954508 0.8990104638978854 -13.857529906526596 -0.9044901981591198 0.10955565091425251 0.4121832611676755 25.75030645919734 -0.1850906299732094 -0.9715226779035158 -0.14793628701332373 61.0670953941544
0.3524767264937443 -0.17930674125335017 0.9184820356552195 -14.291602763837073 -0.9261902037827164 0.073601520182889 0.36980335672312625 25.143108168002076 -0.133909908883471 -0.9810361403984363 -0.1401293243220272 61.40243837408301
0.339260835131384 -0.19664424747960282 0.9199093029636881 -13.225849877242998 -0.935528740799037 0.031791323897633735 0.35181712133407766 25.64519112526293 -0.09842794768214266 -0.979959362248257 -0.17318079413452345 61.71390247789998
0.3452610907630314 -0.21977290444255593 0.9124114475816335 -11.714399907999741 -0.9381973605423548 -0.055865925058996346 0.34156216284691143 26.466691802610963 -0.024093399022979033 -0.973950136757618 -0.22547868908908728 61.70906280648129
0.3236125984994493 -0.2157481568628532 0.9212641417653882 -10.018431715241654 -0.9461842620412189 -0.07708005692537274 0.3143151397719891 27.45098010569379 0.0031981804106860435 -0.9734019712506513 -0.22908158810213755 61.18714815178375
0.29908326749587416 -0.21828535272187527 0.9289244877228072 -9.345895176044566 -0.9534716406816355 -0.10708995645229331 0.28182187928355423 28.15010949964561 0.037960894613553925 -0.9699913638863614 -0.24015770748823806 61.11879557402718
0.30033931834056643 -0.21459586509737671 0.9293787756032716 -9.585624049439767 -0.9486849878821597 -0.16829656859367004 0.2677182451134314 27.86245860766541 0.09896003044535036 -0.962094007715822 -0.25412995236994596 61.775961004170185
0.27759285561011227 -0.21430065931771644 0.9364920896250092 -7.837966966783992 -0.9528311935018131 -0.18591469408934766 0.23989256597812572 28.693740880004437 0.12269850530519812 -0.9589113378919083 -0.25580094381806684 61.48349725086863
0.25868673231991446 -0.21561253146951928 0.941590362522342 -6.595825285113478 -0.9546111320598809 -0.20605354904168408 0.2150802675158243 29.186284220511464 0.14764403499294737 -0.9544910534942822 -0.25912944203692767 61.3039909726542
0.25209555176211895 -0.2221032182712428 0.9418694140990611 -5.20901968894058 -0.9499921350075059 -0.24215793600492158 0.19716611639354353 29.663039173631987 0.18428992431934674 -0.9444732364992552 -0.2720432490082721 61.17765330795257
0.23668295597627861 -0.22945800636370423 0.9441028554484552 -3.7075779217943716 -0.9455231743975236 -0.27795955599809175 0.1694827776105081 30.282466420859482 0.2235332302534946 -0.9327848136333085 -0.2827461519234183 60.97607637621921
0.22979271875802817 -0.22262217408076815 0.9474358416343255 -22.66790634582985 -0.970987796926283 0.013741334018269147 0.23873389780178247 20.212585756758077 -0.06616649171618329 -0.9748079520330839 -0.21300575585420423 60.890699937894624
0.21691584354323168 -0.22513257954179858 0.9498751699295991 -21.55016639237058 -0.972944672821992 0.02942125853277213 0.2291572673376201 20.448492436693154 -0.07953728966482546 -0.9738838283774878 -0.2126596068311267 60.49123948636095
0.20223735302604176 -0.12950373450324035 0.9707362338919538 -21.99069641744186 -0.9711578347165108 0.10131586086781973 0.2158415076053327 20.387806896611863 -0.12630325850804597 -0.9863893141586226 -0.10527871486640612 57.79867120699083
0.19487961047103666 -0.13404127083018197 0.9716248633793229 -21.16410547585387 -0.9672895590928048 0.13775329635128808 0.21301393901431862 20.366028215751687 -0.1623971868373907 -0.9813546591617986 -0.10281141302752629 57.414352749810014
0.2010653161558606 -0.1344155198953271 0.9703119120419027 -20.98287101383669 -0.9723761979341479 0.09250335997943612 0.21430739157490913 20.117708951726975 -0.11856335154789739 -0.9865979912830625 -0.11210323485941508 57.81673756042257
0.1933701201660161 -0.1325661239034792 0.9721287051724096 -20.17729687246581 -0.9728643032524106 0.10240447082234809 0.2074810155479133 20.28587288561734 -0.1270552796391366 -0.9858699443378881 -0.109166884937776 57.720903454527225
0.1894381320489189 -0.13439058701581766 0.9726522319140368 -19.600800980743006 -0.9737948228714712 0.10124472742502245 0.2036495718565214 20.240609352970843 -0.12584449560679156 -0.9857427023773303 -0.11168924583546344 57.709412845679424
0.18671033419782088 -0.13038328210846448 0.973724525135505 -18.298003447551267 -0.9780596750097343 0.06855629845520281 0.19672139197851662 20.791919831173917 -0.09240412990544233 -0.9890906094432055 -0.11472246112977201 57.75598921877031
0.18909115793539213 -0.139480656329099 0.9720029220638479 -18.31345518804446 -0.9774465678911635 0.06805680069583718 0.1999161794273533 20.31244461003623 -0.09403584906000123 -0.9878833020094244 -0.12346594956712971 57.927337236220446
0.1776861512238599 -0.14127404936293314 0.9738938723700113 -17.4399587096205 -0.9786301978394394 0.07870912546222632 0.1899679168852065 20.861567731004698 -0.10349187185467626 -0.9868366209994245 -0.12426952930804673 57.851798708686644
0.19021210692116275 -0.15343813504978845 0.9696783451707339 -17.67515831936112 -0.9792103859041192 0.0412490536341756 0.19860900209150625 20.05635795322499 -0.07047250895286405 -0.9872969433188344 -0.1424021460342512 58.50729386985833
0.18438820275931955 -0.15125360122353676 0.9711453746994322 -17.30053848717328 -0.9793754932260361 0.05477577034851069 0.1944820255215967 20.29674225825261 -0.0826113427529411 -0.9869761714953555 -0.13803406445119648 58.25845051494504
0.16853867875849216 -0.1354818761975955 0.9763397845956688 -17.974941702296075 -0.946174947384145 0.2554237565897786 0.1987754348811052 20.771753102849974 -0.27631084434916237 -0.9572895934833563 -0.08514077462359301 55.15341053486382
0.17453908240292532 -0.13584986527812243 0.9752337785463855 -17.835615999629997 -0.9442302913934152 0.25777128769306473 0.20489782833441836 20.597264743776012 -0.2792226092726826 -0.9566079538373929 -0.08328239385354952 55.02612485629213
0.17919910701334058 -0.13703695360528392 0.9742220246905753 -17.4877158066938 -0.9415251767670545 0.2633177921285695 0.21022388508990034 20.587181527370348 -0.2853384333723315 -0.954926496488135 -0.08183742875667017 54.92627993691875
0.18471909972701567 -0.1391613944527012 0.9728889764459342 -17.169579125873803 -0.9429633318052733 0.2538599706350254 0.21534918198098243 20.548063260075114 -0.27694585945042494 -0.9571777377285567 -0.0843313069393579 55.00202344421492
0.19217873536260296 -0.14363788341751438 0.9707911681313156 -17.162105576701972 -0.9397830927670191 0.25795166311666523 0.22420677519779791 20.32861089500996 -0.28262178299571933 -0.9554209009345951 -0.08541562991417856 54.89438244553299
0.18484629487373772 -0.1548680968141391 0.9704883924399162 -15.71016469818243 -0.9418081182853902 0.25420449563802316 0.21994895482620103 21.028106088363938 -0.28076558835293597 -0.9546705960626238 -0.09886727168402953 55.214083427387614
0.18701201507865026 -0.16156351180059106 0.9689807727044333 -15.083967335261516 -0.9432615996634396 0.24597082636919498 0.22306032183158797 21.202082860687774 -0.2743794103364501 -0.9557173139741189 -0.10639715669840528 55.338091014234855
0.18885123112215893 -0.14722962290442965 0.9709060977473877 -13.256530151731392 -0.9409659788557813 0.2557073957541761 0.22180341384339833 21.77473260688624 -0.28092390275591106 -0.9554774544153433 -0.09024740973761697 54.690968814913425
0.18839777080402526 -0.14787036215673507 0.970896820445771 -12.058701343885945 -0.9394332239955131 0.26106938928845935 0.22205402862801743 22.25149890253584 -0.2863066496074696 -0.9539272141899369 -0.08972944008717239 54.601494564672215
0.19097585109030757 -0.14258471909591325 0.9711837221559421 -11.136242218910356 -0.9396056286074795 0.2597262283686417 0.2228980686020804 22.48477735329451 -0.28402374370722916 -0.9550978401073524 -0.08437196710275904 54.49830532413731
0.09151699139165216 -0.14243240610548222 0.9855646351090447 -5.24207547813753 -0.9912234157707441 0.08178530362832004 0.10386194749857063 27.456362685631458 -0.0953980100127481 -0.9864198770307799 -0.13369759116820365 56.98566484730169
0.08108838711064538 -0.13886557478193143 0.9869858284779336 -4.258473039674439 -0.9927093826985318 0.07734793727775482 0.09244121429950186 27.841043912880416 -0.08917822031238244 -0.9872860014906271 -0.13158113953965883 56.86270231997555
0.06955440993654746 -0.13893239941041333 0.9878562509051805 -3.159185546724408 -0.9938533670059115 0.07584294922290849 0.08064323867612377 28.3069790492433 -0.08612589012243294 -0.9873933539614412 -0.13280322135920172 56.740981210990384
0.05812059451125022 -0.13904671203066798 0.9885787820741032 -2.145360363827798 -0.9952369466726684 0.06956315735823315 0.06829631846604713 28.77337647026988 -0.07826503990493272 -0.9878395512489896 -0.1343413730645347 56.60410209022295
0.04481032996509028 -0.14217517569983418 0.9888267056178954 -0.8563540913313713 -0.995676302566012 0.07426450054220442 0.055798606323819944 29.192622792508903 -0.08136789807339924 -0.987051672089123 -0.13823263648349432 56.5217556766151
0.026824053483141503 -0.14316764847510283 0.9893348748451363 0.5793642612254302 -0.9963966586230031 0.07583214518210099 0.03798926745785077 29.83407682644631 -0.08046221995220224 -0.9867889896969738 -0.14061764104539862 56.412727281075114
0.01197372155949808 -0.1439135909797063 0.9895178160717184 1.6785759498186248 -0.9969080000708419 0.07513883347715518 0.022991196107335285 30.251290346519173 -0.07765995999721428 -0.9867335172350296 -0.14256891869622976 56.321236288177396
-0.005242417686725399 -0.14394213446506995 0.989572220195392 2.716058233323345 -0.9972235365667494 0.07426141903603985 0.005519036152465934 30.671045809864335 -0.07428145915432843 -0.9867957760187198 -0.14393179376881832 56.2315899188981
-0.0242956710855894 -0.12842084387080346 0.9914221135449873 3.3551435927051037 -0.9968661382434831 0.07779405433305626 -0.01435226581205207 30.988354511360097 -0.07528361568106855 -0.9886638316282877 -0.12990844945594662 55.85214688580181
-0.051201686664507653 -0.1281477913390312 0.9904324968707516 4.240663296694674 -0.9962694796993805 0.07553621603033821 -0.04173013164770868 31.65790113129253 -0.06946589884415406 -0.9888743214598786 -0.13153731506696809 55.806237123937905
-0.061493908109758515 -0.11375127336339072 0.9916043298985695 5.09172958735363 -0.9908411188147185 0.1266184782312206 -0.046921618007039874 32.015510837881834 -0.12021803746267298 -0.9854077373243064 -0.12049570403132749 55.20118238357571
-0.0863580228251237 -0.11743639138597402 0.9893184451287539 6.39156869549121 -0.9895141827749265 0.1255101197412403 -0.07147651313407653 32.34589427079979 -0.11577553273900812 -0.9851172030884315 -0.12704378063572452 55.18166532338256
-0.1261002153089261 -0.12191001928644804 0.9844981883663496 7.659712126320782 -0.9858111908457516 0.1262373440801133 -0.11063647211871916 32.998464499737324 -0.11079274210127174 -0.9844806144141025 -0.13609881755732958 55.23094419568023
-0.13728084609093857 -0.1370464184067423 0.9810057331628776 8.26112310838411 -0.9855734277527396 0.11787347353040545 -0.12145312983034094 32.93645375993833 -0.09898983687361167 -0.9835263715019278 -0.1512510785282999 55.48261146275907
-0.1599492556749609 -0.16043913928008466 0.9739997526673673 8.904200537026725 -0.9825406621433859 0.12086221684123505 -0.14144317507416962 32.91759197131117 -0.095026748044249 -0.979618092486703 -0.17696979976494773 56.02827422521125
-0.1640962319295414 -0.1356149572044134 0.9770777911962619 9.848526762003814 -0.9836381464592714 0.09715496135721899 -0.15171325029093183 32.622367061960894 -0.07435336910112131 -0.9859865601853376 -0.149338808208681 55.256849929712075
-0.21287879828516895 -0.13937030825329402 0.9670876560157499 10.540166967335315 -0.9746179201783477 0.10048926583502282 -0.20005453536264795 33.372850814913356 -0.06930026629017265 -0.9851283290157203 -0.15722483411595772 55.27794630523806
-0.2338472596986847 -0.1648620660663214 0.9581941130604773 12.335668814741599 -0.9672780760810045 0.13921982074883885 -0.21211073769067865 33.293614484791384 -0.09843059821233424 -0.9764416729549152 -0.19202363566122732 55.866415350627186
