0.9999999999999992 -3.2513207127831676e-10 -3.9067529311997167e-10 1.7640522202338854e-10 3.251319722335705e-10 0.9999999999999992 3.4258088553150096e-10 1.4665261372909186e-10 3.9067520832012574e-10 -3.4258091806723665e-10 0.9999999999999999 -1.867514268258081e-10
0.9997949933949098 0.004335836533103738 0.01977806117968294 -0.5386477362716102 -0.004296392503153639 0.9999886970033559 -0.0020363882222629104 0.11420130658033086 -0.019786667074773712 0.0019509964354475894 0.9998023211710301 -0.5578768396914473
0.9774941479160935 0.20622305274949937 0.04446620407086379 -1.0810567334211254 -0.2074319828015313 0.9779427117455116 0.02449540885274506 -0.04291018882283897 -0.03843388219812982 -0.033167831682447205 0.9987105344596457 -0.6202984677097126
0.9789269020891104 0.1929056613463574 0.06700392665173788 -2.0463557809266852 -0.19512317078351 0.9803721907290895 0.028236782189907658 -0.014660196547598476 -0.06024175121637803 -0.040715764337363854 0.9973530758687297 0.10290024274592685
0.9794285914400329 0.18506649765856628 0.08043647005051495 -2.5009302785204475 -0.18797191399291552 0.9817123591294402 0.030123138653803564 0.11902589336715041 -0.07339069300419242 -0.04462326049167657 0.9963044568822638 1.1896186439462586
0.9875298404858389 0.10970066861531222 0.11291845489276713 -3.7862377639381886 -0.12176603043198973 0.9868648752301685 0.10616379735947017 -1.9267041823874764 -0.09978901734585911 -0.1185895498865741 0.9879163277701467 0.7527305278291873
0.987985816455878 0.09354748579809019 0.12301582980605592 -3.930188667762553 -0.10796189614854061 0.9873332656094401 0.1162637157543716 -2.2000649854313683 -0.11058144266570229 -0.12814792437592445 0.9855708264838817 1.1650902382275459
0.9814245208609444 0.15298416096413117 0.11576595504282515 -3.993780042235843 -0.16282665700637045 0.9833305798561369 0.08092249679741811 -1.0720621482527326 -0.10145634342418515 -0.09826910610104991 0.9899746426879311 1.0349688715420255
0.9878152883812132 0.09951927443827702 0.11965312388573537 -3.8319987019498036 -0.11393016609584028 0.9861739346374755 0.12033656092397399 -1.7882356339340415 -0.10602298474250965 -0.13250239491010632 0.985495937104448 1.6458446718722506
0.9756230549607179 0.1425078802871039 0.1668866641921513 -5.543825034081666 -0.15845911581712374 0.9835724901571504 0.08646308588359326 -0.9818322045462056 -0.15182346078114128 -0.11080009324063943 0.9821776703297133 1.0619828556166677
0.42360407236959396 0.054536656748425914 0.9042042595246964 -33.97862283215307 -0.24853707400840014 0.9668772175092382 0.05811857796736178 -0.548015869892875 -0.8710849055719204 -0.24934754727550423 0.42312750791274883 18.23204630779707
0.4909161229132009 0.04020630338179593 0.8702785838064949 -31.299419406538426 -0.2555495794572667 0.9616387690267367 0.09972607654949718 -1.9423971546089502 -0.8328840091531842 -0.27135646495544 0.48235868005438 17.433829100607717
0.4044107021223188 0.3044491996723628 0.862416760521146 -46.73886986340814 0.08982109862129502 0.9251874630100805 -0.36872798718220345 -4.338137027455601 -0.9101561153183513 0.2265807650879318 0.3468097499217322 24.041439351977612
0.4737923061418221 0.3489975555031764 0.8085304922472689 -42.53207022572314 0.012910986487255123 0.9152689680052756 -0.4026363404295189 -5.2303455742918015 -0.8805419678066033 0.2012049265285465 0.4291414923680854 23.384234288940032
0.559734726419836 0.3036150481605471 0.7710479482951633 -39.1633384613995 0.009457154269592715 0.9280612856313213 -0.3723074164523983 -6.809753311902005 -0.8286178843549247 0.2156853092883377 0.516596795464664 22.751929211662027
0.4524377983711726 0.3282493357164896 0.8291878027363458 -41.84624735546191 0.04461132039913622 0.9203007160848607 -0.38865977675331725 -5.876167908121172 -0.8906794421660869 0.21283553644862918 0.4017351935383978 24.733412507625584
0.4541503967758374 0.3163799955214108 0.8328571999702128 -40.160624859716386 0.08423020608380283 0.9153884118071173 -0.39366143818301974 -6.488592458813832 -0.8869344335921515 0.2489332319380369 0.3890752582026477 26.528008444967785
0.4530721089409378 0.31546817553243345 0.8337898382242662 -39.07036446991552 0.09331509052623878 0.9133730429572378 -0.3962852233923394 -7.001514117219823 -0.886576538139767 0.25735095613825026 0.38438590946447865 27.381770823596785
0.45048505554069534 0.31641493624500133 0.8348322004184864 -37.96778733464875 0.10010848181512512 0.91128895919721 -0.3994129751446959 -7.506233575844293 -0.8871535980895112 0.26350336044600603 0.37884623850646154 28.267707303654106
0.4673433292243722 0.3248727594762622 0.822221322260468 -38.22565573368411 -0.01299691893322667 0.9324589545560703 -0.36104207257109766 -8.66392982729794 -0.883980368971911 0.15804426031485508 0.44000081710584044 25.717133069142353
0.483739535885897 0.35687081381420355 0.7991490997733027 -36.0915812035405 0.059695016008044124 0.8975121765909261 -0.4369306557507791 -7.27683617516771 -0.8731738466563739 0.25906585093098455 0.41285871481259545 27.52016787112491
0.43974443785645273 0.34024047370613814 0.8311806358587367 -35.88941185080676 0.05508098693672879 0.9135052743966677 -0.4030808833566097 -8.849486854456602 -0.8964323255284714 0.22303482620813014 0.38296808228091483 28.97694113631583
0.3894949285858797 0.3403966406262216 0.8558176369158661 -40.61734201969003 0.008406490049514909 0.9278450834980548 -0.37287106612545445 -8.5547408678419 -0.9209902450791344 0.15242581172120845 0.3585294135635251 35.187878127361195
0.5388881963254577 0.2500924122877848 0.804396231453857 -39.7799758293996 0.08306356719270891 0.9344823393506034 -0.346183768029419 -7.481481856778268 -0.8382720057751611 0.25337036677145625 0.4828079344581894 31.01543310131765
0.48793200885625715 0.23839974152336504 0.8396951339474876 -39.71179195360523 0.13668446379446808 0.929245598763646 -0.34324914353222646 -7.850109830870721 -0.8621135146201516 0.28225552327630526 0.42082313088672074 33.733040629792995
0.48887535128751536 0.23657785423033165 0.8396617234287129 -39.26672097600161 0.13046596362598117 0.9318709057609255 -0.33851919787724205 -8.088676027612248 -0.8625424761938685 0.2750409676467846 0.4247033586837605 33.57530619406074
0.4813205315421551 0.246000609189625 0.8413169712981639 -38.30890435498152 0.125722059177751 0.9305121950338899 -0.34400729458736967 -8.385974603805325 -0.8674817057160841 0.27134987593796384 0.41694692117386645 34.37351809827831
0.5472166391377272 0.2476958488707258 0.7995002916215983 -37.01031461399414 0.0818915182955357 0.9347803853912883 -0.3456579383132537 -8.46290849464228 -0.8329752271718899 0.25462206805367166 0.49124319168616376 32.3679731452942
0.6066897532430512 0.25322163844197426 0.7535292596406915 -35.765797750867286 -0.053733349418605636 0.9588036940802991 -0.2789412184999426 -10.552626781583456 -0.793120590118645 0.12874112801562945 0.5953028233488561 28.94964404639374
0.6000293143717649 0.25038751347948934 0.7597834658559622 -35.245182511278735 -0.041764354948167014 0.9582649560688568 -0.2828144491112455 -10.5390485874443 -0.7988870762193511 0.1379650936428932 0.5854443375640389 29.514129432382394
0.6175005216527774 0.25950924616562865 0.7425281522697244 -33.90278683269901 -0.05873261767213236 0.9565841003778283 -0.28547738706545417 -10.962415730737181 -0.7843746460588342 0.13267181335493797 0.6059328383254938 29.475396220297302
0.6083925232785833 0.26456716117216983 0.7482397709611632 -33.24431336589584 -0.06597150542557845 0.9563954550765674 -0.28452678956605315 -11.517238159958037 -0.7908895612477138 0.12374146733484691 0.5993177380749013 30.382771529324884
0.5994454075216853 0.29741412415801755 0.7431083650131257 -33.1302162327007 -0.0828690977052985 0.9464746309477836 -0.31195910888732253 -12.161035512283531 -0.7961142606728459 0.12542173545116617 0.5920063109712191 33.252525233736804
0.6094062783884322 0.2920280939723544 0.7371184302346758 -32.244051149528644 -0.10646423224545447 0.9514181055301555 -0.28890994396487496 -13.068782455794112 -0.7856776407109657 0.09758678599213655 0.6108907137013784 33.070057169539844
0.6408536009657054 0.303222337837187 0.7052395876337615 -30.98803773734525 -0.12410029385549817 0.9475213191831903 -0.29462258358503574 -12.916961257727657 -0.7575656929892429 0.10128950355240933 0.6448524306194676 31.94339115813163
0.6365617589738374 0.289196774998125 0.7149505943369889 -30.45836550569102 -0.0648388875396638 0.9438176492051052 -0.3240434596031329 -11.85408077883045 -0.7684953127213913 0.15991707344630737 0.619549420099497 33.374343190233226
0.6299402126717276 0.2750434746271778 0.7263101372857966 -30.035114469143934 -0.05953508400751994 0.9495405728688132 -0.3079419981882804 -12.657031761319002 -0.7743583810041217 0.15074411279045913 0.6145285267810623 34.2455931901412
0.6242537519930498 0.26422466818420537 0.7351820032111361 -29.51615702134359 -0.015684712427665535 0.9451164277593067 -0.3263570556546046 -12.517848935454545 -0.7810641733677588 0.19219849817943058 0.5941367640357824 35.68386921349779
0.6264737563074017 0.26868912190429356 0.7316671295257094 -29.108379166978395 -0.019739510267868587 0.9438737908455848 -0.32971596668826303 -12.685375651500657 -0.7791925207498341 0.19211564934978984 0.5966159509118353 35.76341121591171
0.6149781104325539 0.26256612249420436 0.7435462023352412 -28.814929145404196 -0.004563566141863623 0.9441046724310695 -0.32961423112161564 -12.892662162878322 -0.7885309743775918 0.19931231475296254 0.5818019453688174 36.73688010777227
0.6210912118857171 0.2566315793041816 0.7405308494736553 -28.346247417179036 -0.001990244362397564 0.9453834712827023 -0.3259541856654901 -12.922644571573688 -0.7837357625154748 0.2009734428458559 0.5876801254296249 36.60632510642144
0.5836449410698495 0.25414183955790826 0.7712136592084458 -28.508104307255664 -0.008557018756455904 0.9516322536548851 -0.30712022276906636 -13.72806539867467 -0.8119638909419336 0.17264987457233125 0.5575900470924783 37.98341672991309
0.4479838646143246 0.23270835742027837 0.8632249286437202 -34.23231326356948 -0.040090369292707075 0.9697885479551444 -0.24063028600950914 -10.60878039804794 -0.8931423287109268 0.07319147929779317 0.44377898555814643 47.30120192426246
0.3604053218158913 0.27268277546942343 0.8920493865078643 -35.793058128753145 -0.011950861677787975 0.9575892979428637 -0.2878887169905064 -8.519384549490091 -0.9327192401317392 0.09309586686621843 0.3483790732241106 50.21423837505126
0.3288708231686531 0.26227809326046614 0.9072233371469314 -35.456568639908056 -0.005823020719348557 0.9612050555084666 -0.27577333753404115 -9.118102765780607 -0.9443569632813986 0.0854110242335069 0.31763954861023463 51.44666342074019
0.3101492901353071 0.25172122339335923 0.9167572435066439 -34.67859161407549 -0.0006713480505872768 0.9643671489442728 -0.2645667237747176 -9.713836162817898 -0.9506876285722646 0.0814397183838647 0.29926677922749995 52.3466893125388
0.2869199266514519 0.2925215912526345 0.9121995803229352 -33.24657405147502 -0.015238221242698552 0.9535099850641202 -0.3009759209577612 -9.25225610286215 -0.9578333635365168 0.07245569014259697 0.27803852370180426 53.4506408380943
0.2433916728983543 0.31834974542432265 0.9161953575258913 -32.63280447699416 -0.01273273314877869 0.9455686345991265 -0.32517354561664735 -8.991527033959873 -0.9698445087076063 0.06747886225040015 0.23419699417176873 54.842941476865306
0.23415617835378538 0.45086170858557056 0.8613330388821983 -29.541752142516682 -0.05083041772119671 0.8904295195354719 -0.452273743847817 -6.537346720607181 -0.9708692768715261 0.06212077326571661 0.2314170623697235 55.48865862956571
0.1972724070383289 0.362936512780274 0.9106924206954848 -30.653990599064848 0.017328065229659025 0.9275114317253903 -0.3733929326783393 -8.147920831101922 -0.980195559863801 0.08944066027052686 0.1766834251243565 56.707757535741976
0.15899330928737906 0.43827997864916995 0.884664788446519 -29.263386644240256 0.0075946821637249305 0.8954935518760925 -0.4450096845588617 -7.120838765977844 -0.9872504486728185 0.07747231030263972 0.1390488861217294 57.89715169118879
0.08568509210511911 0.45370396773311267 0.8870235479704858 -28.26249184930438 -0.0021300638106910965 0.8903792087572125 -0.45521459493411603 -7.7469813672186145 -0.9963199926826181 0.037115687735763916 0.07725864291328437 59.50612154813017
-0.12762086345839332 0.49473079225767574 0.8596245450207961 -29.38907002435811 -0.0006127106752843095 0.866672132102944 -0.49887778064548927 1.3388993502501825 -0.9918228368996962 -0.06419391426165207 -0.11030231899649255 52.542712564553334
-0.12784281535038564 0.3492715592825565 0.9282594424187713 -29.97210351640371 0.04018327030233916 0.9369949183323059 -0.3470242467137646 -3.3663330715775994 -0.9909800801989405 -0.007064056609319189 -0.1338229418041753 52.77603857888515
0.0160939274624957 0.14524309166686789 0.989265095827137 -30.762615908529604 0.19111435680393185 0.9707049010319819 -0.14562725615731625 -8.006726468299815 -0.9814358298545311 0.19140647699474464 -0.01213558577942671 50.09351828852842
0.035715956645615395 0.05647617432321789 0.9977649082698231 -29.573852514069554 0.22215125083287635 0.972973108501291 -0.06302501000970301 -10.016706151232476 -0.9743578358048328 0.22390572093439115 0.022204412592427933 49.160638507764766
-0.09895264009522875 0.0672065953427612 0.9928200484280153 -30.191788291597874 0.25422711427259825 0.9663139512859061 -0.04007395561770113 -10.237705648947864 -0.9620690980313276 0.24843635219640914 -0.11270505543466565 52.51181625983789
-0.11630375468996794 0.06525626661275882 0.9910676345803888 -28.739051976714258 0.25885756412034283 0.9653452790110602 -0.03318514409699491 -10.415189696540002 -0.9588880008336209 0.25268579690758514 -0.12916535874018426 52.63674932009782
-0.1323447347343644 0.05552711685966103 0.9896472151637344 -27.425283283604355 0.27135998643118364 0.9623150718256428 -0.0177048101170264 -10.776855832391186 -0.953335528002685 0.26620751648003366 -0.14242517058924054 52.69009799338268
-0.34079130172409233 0.10868212598224343 0.9338358978756238 -27.640090899573874 0.28874414952975164 0.9573871828334449 -0.006049649459695374 -10.84531633752739 -0.894700008260615 0.2675779842181079 -0.3576505523275945 57.98447171179208
-0.46315659020199207 0.035304323922808745 0.885573022209243 -26.687262232390616 0.2654423547391529 0.9588638273390127 0.10060077997372097 -13.475219941792085 -0.8455922949406528 0.28166250253298236 -0.4534753636129103 60.07809620152592
-0.45219291878154594 -0.007117903069026126 0.8918917533309293 -25.795632952538327 0.2567305480501268 0.9566092052738172 0.1377978740158311 -14.136602230720667 -0.854172693254538 0.2912870814871516 -0.4307445255101806 59.124218542455814
-0.7716340595557636 0.2298828270348853 0.593072309223692 -22.029069224997677 0.3306741258973168 0.9414830370880382 0.06530171006586032 -17.004295207668466 -0.5433557771805938 0.24650269108050568 -0.8024966807997042 70.00742566711347
-0.8119512485158203 0.1196574569707788 0.5713293822523641 -21.654972533857954 0.23635985341888907 0.9623315509439675 0.13435775284506285 -18.34451870809676 -0.5337313834930331 0.24413127421340644 -0.8096485232652164 69.6011955662072
-0.799328921823323 0.21259442872439382 0.5620292551212085 -20.34646373723201 0.30843960693094047 0.9478631299690666 0.0801279958661894 -17.242693185756774 -0.5156920433873765 0.23740070707686442 -0.8232269557457156 68.9609406527688
-0.6170486684667241 0.21535400504568794 0.7568841346297425 -26.025987148031714 0.3541722737964975 0.9349038514922483 0.022732992297277335 -16.216907260282426 -0.7027182516608352 0.28209473758961384 -0.6531535943459148 67.68859216321871
-0.5789041751065453 0.22813029713267616 0.782832372589661 -26.12464899714503 0.36087055951313607 0.9326029747036885 -0.004912316206413048 -15.740889175007602 -0.7311924475272459 0.2796573959400953 -0.6222132637409168 66.4676684308321
-0.5781399692145966 0.23428029442115578 0.7815797589769528 -25.324504005687746 0.3623289164871532 0.9319812329692114 -0.01134626239960476 -15.639865708363885 -0.7310758731306825 0.2766292194240033 -0.6237021265693097 65.80200835434212
-0.6088282517576769 0.18872157564378997 0.7705273043495673 -24.58799117126363 0.32485423623018767 0.9454303788508333 0.025122180424495565 -16.427577486438018 -0.7237388237928059 0.2656041521371746 -0.6369117280302694 65.7390972004767
-0.6898372638588386 0.12716459229406407 0.7127087174003319 -22.825864788202015 0.28715644830207915 0.9517617363152059 0.10812387102209615 -18.0048338743577 -0.6645793583841473 0.27924677930632225 -0.6930768446981661 66.72156967087027
-0.7415957388219696 0.0658250172771374 0.6676097866729911 -20.696461507665873 0.23190454569170316 0.9589757374334309 0.16305157681402144 -18.71811967885737 -0.6294887146316629 0.2757400988512196 -0.7264374412410912 66.32206876194171
-0.7088042003697327 0.04582128003083559 0.7039154891281731 -21.43463214901459 0.22844466887904835 0.9590213651353143 0.16760386175369998 -18.77513556401531 -0.6673901698399287 0.27960406204193256 -0.6902259989964803 65.51078905281075
-0.7696056470178059 0.19457887785399808 0.6081498239507902 -18.523123912388016 0.30318193329718923 0.9495811408829217 0.07985218971124491 -14.870912469693232 -0.561950054186743 0.24583473548825965 -0.789795808691679 65.57071365150998
-0.741259537093845 -0.37722309116330266 0.5551909925067439 -17.536609330540024 0.014096463123099373 0.8182076938120517 0.5747499104081658 -23.6845772447601 -0.6710704794541692 0.43386508188603307 -0.6011867449679739 61.554023087132684
-0.7305156127079444 -0.42432633746164533 0.5350645745387328 -16.723099052422086 -0.004669962043288429 0.7866085542049938 0.6174343478508847 -23.92560007773692 -0.6828800268308153 0.4485466996734165 -0.5766114178262849 60.73651518805709
-0.6153253969133633 -0.5672187255858122 0.5473916086845128 -17.82334799694266 0.036030375590782954 0.6734547180725423 0.7383498863957589 -26.429235702621007 -0.7874493430997361 0.47404816216355167 -0.3939566879761802 58.01161915347755
-0.571283505317051 -0.5724170057865205 0.5881954845449398 -18.279416919194322 0.08827811614066662 0.669642126379714 0.7374187391084673 -25.939215323489243 -0.815991501648962 0.4731999514624372 -0.33202360634844624 56.67864070484785
-0.5585249394728269 -0.5861451549846759 0.5869273798987956 -17.851551830623755 0.09218177478286961 0.6593348029776874 0.7461770151782119 -25.556221850371646 -0.8243496905954222 0.4708624797861532 -0.314223030258569 56.19949837113571
-0.5492512044353441 -0.6025082117236138 0.5790569654463473 -17.203086276180475 0.09782763184881393 0.6418118028436977 0.7605967158602422 -25.20107873390757 -0.8299113620581311 0.4744064339109796 -0.2935739542103314 55.499666999027845
-0.5240133492814382 -0.6203989526455159 0.5835367591944778 -17.03892962019552 0.12971428072246127 0.6190107090490659 0.774596635326568 -25.2700222578761 -0.8417744443445115 0.4815920282136352 -0.24389527098649277 54.621953886057376
-0.5403981031815575 -0.5804244743288359 0.6091611606774239 -17.04310278461715 0.12166960883104155 0.6624632565439158 0.7391474413242229 -24.603692578076952 -0.8325661513445521 0.47355027539779626 -0.28737386851625457 55.26482154058935
-0.551701792913303 -0.5625950075339885 0.6157207071343915 -16.77579782883045 0.10893643249963038 0.6833064791002927 0.7219592158105775 -23.981360827163254 -0.8268965989593284 0.46538061102434886 -0.3156943165660492 55.50490887786835
-0.5514778657232984 -0.5636183640764961 0.6149849618429734 -16.802862470613626 0.12099845687340252 0.6753819529070597 0.7274741171489948 -24.193745992880903 -0.8253675163534927 0.4755981048776172 -0.3042612456184474 55.08384974800338
-0.5774950592949992 -0.5561782522224199 0.597633004648065 -16.22225144230042 0.07071427963429838 0.695210831957783 0.715319082497018 -23.722335136010216 -0.8133258554513484 0.4553544233708315 -0.36215107616981124 55.78057850358103
-0.5785460844440832 -0.5507881335519835 0.6015952627080171 -15.981321879326927 0.07638553007821246 0.6977373106749505 0.7122695389294402 -23.446468842677792 -0.8120650706495713 0.4580339258509154 -0.36160094551937694 55.60260676903114
-0.5760985274325598 -0.5422792448793018 0.6115911275216135 -15.90865186830489 0.07612226507798919 0.7093869546148487 0.7006964745035252 -23.05453889729103 -0.8138279225053823 0.4502259090672183 -0.3673972555084882 55.590795782904145
-0.5866983105308315 -0.5497854824794552 0.5945763329254604 -15.500281350013836 0.07641450968773059 0.6933593009575783 0.7165289264815481 -23.258601409490026 -0.8061922321192676 0.4658205695656247 -0.36478114238554715 55.63325842634896
-0.5956919334704291 -0.5521445654115043 0.5833416659941236 -15.173623246538519 0.06194008310296034 0.6925195486938743 0.7187350699541795 -23.083619671657022 -0.8008211701144453 0.4642769147431041 -0.37832842866108163 55.72585075865185
-0.5880229972275256 -0.5612058003989472 0.58247489587975 -14.978237045031559 0.04518530037610879 0.6962157235868827 0.7164090694989269 -22.614237575795183 -0.8075811063673314 0.4475843114196128 -0.38403260383664534 55.61123668505649
-0.6023764571578848 -0.5615288263616084 0.5672988463119457 -14.500968511316609 0.033023158004437614 0.6925717803756101 0.720592672778997 -22.26448853708362 -0.7975287298256621 0.4528020607200376 -0.398645480233199 55.59169417373463
-0.5945247971726871 -0.546628200299309 0.5896930355568982 -14.712953235540866 0.041741817676333115 0.7114081327348515 0.7015383733879416 -21.78895667887706 -0.802993079798235 0.441696818322545 -0.4001325211475464 55.50690822140191
-0.6057231188694616 -0.5459292598483345 0.5788443197514238 -14.39103072128002 0.03608970462015855 0.7078887581395941 0.7054013320940167 -21.513311964615127 -0.7948566137911168 0.44816821545154745 -0.40908216066151665 55.40517198399237
-0.7387811939338306 -0.45987349705618247 0.49266491065937756 -9.267004420547385 -0.13777136320445216 0.8186324031798098 0.5575482400159145 -10.892158957529983 -0.6597131186890929 0.34403103809012275 -0.6681476228051283 53.27991087214085
-0.7439711066444955 -0.46157735941127714 0.48317008781283477 -9.098002561209729 -0.15002638562427417 0.8200013082131972 0.5523494710282237 -10.677547689072211 -0.651152114405445 0.33844378529904745 -0.6793060636397767 53.09129091305746
-0.7478538245587042 -0.4612029462355557 0.4775002612319244 -9.035377898733019 -0.1603171348974597 0.8234539749550688 0.5442627742083522 -10.461023905562941 -0.644215083144744 0.330477523463158 -0.6897619394649644 52.90988424929599
-0.7647915214715029 -0.46060438250204194 0.45048588380237126 -8.712640997153557 -0.17705465987184812 0.8225458594648906 0.5404349697186843 -10.255116014481695 -0.6194720139788087 0.33355945781386354 -0.7106282516196195 52.81653501277446
-0.7728509512212836 -0.458849937483609 0.4383584629816496 -8.685154769880311 -0.18329087756006315 0.8227429765289939 0.5380506005716168 -10.11709350695547 -0.6075408310555064 0.33548581109117526 -0.7199606997308119 52.56108636323291
-0.7784645497101622 -0.4520998441482922 0.4354293005364161 -8.767790160868413 -0.176290683603337 0.8232568927052277 0.5396014116808866 -9.917639990889318 -0.6024238870755512 0.34329844091464734 -0.720577296857425 51.87295029222008
-0.7868868869401189 -0.448263854936789 0.4241091174672967 -8.838298402063568 -0.1800585284856897 0.8241412518903635 0.5370010458576043 -9.992488484587149 -0.5902439779288364 0.34619461764995535 -0.7292196741921804 52.0275637696906
-0.7994836105210845 -0.45995887436577976 0.38634672303557527 -8.650350697059283 -0.20611159589994105 0.814181438126111 0.5427951693286185 -9.981288412492823 -0.5642197856719929 0.3543253020926743 -0.7457275734161823 51.81594662820852
-0.7944897047611357 -0.470022830529032 0.3845317253622046 -9.09105873812814 -0.21860267883075304 0.8121121731084084 0.5410052560716634 -10.259712567378555 -0.566567716902916 0.34576344091101274 -0.747963010511081 51.84702019639233
-0.7886508207986416 -0.48755499602347757 0.3745931242110132 -9.525394313289409 -0.22474101299150712 0.7956858184502874 0.5624727152463962 -10.617901244160995 -0.5722948190689676 0.35940813036107644 -0.737091877514043 51.96890614259674
-0.8329054752017835 -0.4260991703865658 0.35314015117905456 -8.101360808540653 -0.23525336131857988 0.8501942344691059 0.4709836723961955 -8.934157972374225 -0.5009234725656231 0.3092074718880135 -0.8083726949628035 49.322573648561665
-0.8340497013901039 -0.4226893545380918 0.3545346318362102 -8.448140125457527 -0.23570714411721677 0.8540501395596958 0.46372459642568836 -9.009033176714619 -0.49880180214508313 0.3032030156153339 -0.8119511644788646 49.05018257187045
-0.836750732918435 -0.42719230039085404 0.3425710867064246 -9.366483461370738 -0.23967762546252122 0.848217497071705 0.4723152691942759 -9.576258072958794 -0.4923442360920926 0.31310352305297134 -0.812135048522542 49.18484099194174
-0.8029801469650302 -0.40740871110159443 0.43501841995316304 -11.273999664661037 -0.192650199619764 0.8681285267480944 0.4574262362749361 -9.72645438006278 -0.5640113333670529 0.28349780098746286 -0.7755773415132724 48.408877122729756
-0.7582108872793903 -0.5164753036677496 0.39795666989296247 -12.056987021213168 -0.2785906788965194 0.8084576915361138 0.5184432414720819 -10.976605323602746 -0.5894942612468532 0.2822222912836767 -0.7568666291095277 48.76540735127797
-0.7766087752936246 -0.5073744723444704 0.3734299866776924 -11.686899786297541 -0.23856600183977197 0.7854703962049572 0.5710713785962511 -11.44360724049818 -0.5830652389768439 0.35441134504810345 -0.7310455017289107 47.06022250472548
-0.7300006093236368 -0.45404489413704396 0.5108251603975532 -13.741498373366694 -0.1365364389762729 0.8292444046321484 0.5419515829093545 -10.951772360605396 -0.6696692550944794 0.32587873740757745 -0.6673425936405142 45.27564551267825
-0.7743688010801344 -0.2516107264344486 0.5805557701520423 -15.41502097437494 -0.07008226072776658 0.9459959121633179 0.3165125762139301 -8.160496806053022 -0.6288413445734903 0.20441080331876563 -0.7501831688604977 46.393310130000344
-0.7898183654030057 -0.17448301474545874 0.587998832683745 -16.80183838447525 0.03901329684636343 0.9424488231773736 0.332066527010423 -8.573698470263679 -0.6120987766213022 0.2852120145732369 -0.7375562313490261 46.13838199116773
-0.7452367688516344 -0.1500540995756052 0.649696795091465 -18.330710011360342 0.05553629569328773 0.9569972683862435 0.284731361395161 -7.758855488546102 -0.6644831662369204 0.24827403308004223 -0.7048561032479819 45.2077494074523
-0.5603827250262406 -0.3999152449500303 0.7252854599043854 -19.89659511341066 0.05207495115634364 0.8569559370169149 0.5127521052843493 -9.17009323902429 -0.826595064680546 0.32510662692111336 -0.4593977363654985 40.66344187486596
-0.47924006116502027 -0.4436019786343918 0.7573283622882425 -19.885771925106834 0.11185606517208556 0.8249658244868656 0.5540032573125624 -9.096043485833276 -0.8705269579161626 0.3502123255688787 -0.34573710035353894 37.760610891654
-0.38877116485765445 -0.40517426924113853 0.8274604479490997 -19.96056988882435 0.15522177467007048 0.8564691902307197 0.49230755311472985 -7.656440551265932 -0.9081647328780706 0.31983486009258766 -0.2700786556284268 35.66197383599763
-0.4002222363578476 -0.4577646749135071 0.7938977666715312 -19.18296922072222 0.1295363510764714 0.8293487059537562 0.543508102683509 -7.837045049693148 -0.9072168953863893 0.3203626481569962 -0.2726266281772914 34.92338332222741
-0.48288703324802346 -0.5115626220574774 0.7107206179889469 -18.39247098520923 0.09205247619751396 0.777467911273326 0.6221494905295668 -8.66005476767572 -0.8708308990537893 0.36585151448910397 -0.328338567029825 35.16331881921767
-0.5225246909997487 -0.44509591713963514 0.72722594277242 -18.811539633114204 0.10575661629065794 0.8125061865942634 0.5732793689439714 -7.699986955299769 -0.8460398840517912 0.3764615801003764 -0.3774827059640744 35.15086463257984
-0.6932007119322164 -0.4098700687361254 0.5928568965027836 -18.54288273557065 0.0480418007866691 0.7944561943715551 0.6054183186870438 -8.66862880772545 -0.7191416816969065 0.4481583224474549 -0.5310267033466752 36.4995556153645
-0.8048324562650375 -0.43101832026624204 0.4080048099437694 -17.14225186459779 -0.10982361171663556 0.7837374312327996 0.6113054990707499 -9.277850244489171 -0.58325251105495 0.4471899445196538 -0.6781133104936159 38.154012075218674
-0.8062848563885473 -0.4671372187734141 0.3628877914660997 -17.3615744138609 -0.17581945446833322 0.7750066092637592 0.6070026977106175 -10.100113437309082 -0.5647939888038536 0.4256143494222783 -0.7070079036169915 38.30059991213684
-0.7980484624418887 -0.5022541612891792 0.3329555661974151 -16.73513501737805 -0.21138884664525867 0.7507630111700986 0.6258351672547677 -9.786108556871099 -0.5642990404990351 0.4290636998471373 -0.7053161946002383 37.463480630650274
-0.7888868871517786 -0.5352523364886926 0.30193114374535246 -16.644365684454264 -0.4005428824497532 0.820458347072046 0.40793810809810727 -7.857396864995919 -0.46607175262917594 0.20088065363098676 -0.8616403451545005 39.647768455441735
-0.7860330861737754 -0.5523338571316431 0.27763158629055285 -16.133161432939623 -0.4289844270343818 0.8107292255541493 0.3983597421858347 -7.247531795949596 -0.4451116138701812 0.1940243105862238 -0.8742026184469093 38.69014015484367
-0.7833681914773792 -0.5700936100550477 0.24764400327053387 -15.696922271631522 -0.4563770164766032 0.7980444506127307 0.3935035878847143 -7.063345380857001 -0.4219648035243864 0.19523916262018193 -0.8853402588643525 38.41676076819788
-0.7421452187974564 -0.63363977656228 0.21845161426316054 -15.267448354056688 -0.5219284850206606 0.7508447402687388 0.4047503335820955 -7.456762519680537 -0.4204891565071826 0.18636740479194047 -0.8879504826796374 38.10237694208253
-0.7348368757843647 -0.6487264972549989 0.1979108328180396 -14.886622331032369 -0.5463741232540624 0.7390917257445744 0.3939780937745968 -7.037020889560478 -0.4018582877406327 0.1813762737933683 -0.8975592258335956 37.10840695350179
-0.7277643075371282 -0.66284417473194 0.17605883306137515 -14.544536014226598 -0.5688225943688856 0.7267911254221375 0.3849876831056777 -6.704326864934653 -0.3831448405113367 0.1800340524221991 -0.9059733832502945 36.264257898862056
-0.7063810799174416 -0.6908559122854789 0.1540904876845576 -14.189112801376318 -0.5995639799711183 0.6996948831339047 0.3885229780044304 -6.4775282957826645 -0.37622972218562245 0.182058174703667 -0.908463547517291 35.35234293253943
-0.6845990065352237 -0.7181173767738349 0.12502653089025517 -13.730142399780485 -0.6334765172386477 0.6709947065648643 0.38532272949974666 -6.1047088732861425 -0.36059908812722785 0.18459018646017772 -0.9142728043119372 34.32090506159032
-0.8483568235175962 -0.4726350588399761 0.23855146435614216 -24.79338153120085 -0.3760912474671379 0.8551404635720097 0.3567774672543989 -11.393227184756462 -0.3726205490438612 0.21295748100778292 -0.9032181562131444 50.566753882701164
-0.8580335818910287 -0.45897483452851057 0.23047879211930306 -24.608515254195535 -0.3663119728843498 0.8614423706218974 0.35175642228523046 -10.853176186185838 -0.3599915427740342 0.21739168191734673 -0.9072744599978129 49.49783460862927
-0.8720860621127765 -0.3577520695349912 0.3338852452745627 -27.262171626030216 -0.3768376359639687 0.9262432256907865 0.00817820169828991 -3.485929772355909 -0.31218471517631463 -0.1186884307982879 -0.9425782513960982 50.49210060908915
-0.8850920096820473 -0.32582495985260224 0.3323405330892408 -27.24348298450854 -0.3440611527136942 0.9389377438808908 0.004223305481733699 -3.3264288866583422 -0.3134231286780207 -0.110607452971837 -0.9431500059676452 49.60645741107422
-0.8703256340212066 -0.3651191624410106 0.33048644145252737 -27.28029305835168 -0.3822959100780155 0.9239340171393751 0.01399175151029056 -3.7918808292232042 -0.31045632205385626 -0.11416623489927635 -0.9437070217528953 49.488046056817836
-0.8764666839325493 -0.35412023163675527 0.3261978134534417 -27.03292315275174 -0.3723478485315677 0.9280665431353865 0.007040682257276551 -3.754929301739038 -0.30522652514189047 -0.11528813060443024 -0.9452753119020638 48.73540595402742
-0.8779622805575843 -0.3537969474525887 0.3225057424160865 -26.968458252171246 -0.37145210350856556 0.9284234637721696 0.007294293410216543 -3.851327658954884 -0.30200259720272277 -0.11339132193655684 -0.9465394019227585 48.17112755461799
-0.8690150001098509 -0.3820242320922962 0.3144366640173444 -26.262588660965566 -0.40064063738047906 0.9162163008065963 0.005896593562557645 -3.8681485463450818 -0.2903446387716398 -0.12085187723228738 -0.9492601405863412 47.07179373611003
-0.8684795837725577 -0.38414058563105813 0.31333563959637833 -26.59353039628548 -0.39951432982595503 0.9165809716971709 0.01635917437998103 -4.229094974211105 -0.29348170783537664 -0.1109744691075442 -0.9495015294207471 47.08396715568013
-0.8765356701827295 -0.3735543007642339 0.30354967184605736 -25.98717227607324 -0.3889127590052711 0.9212132391377086 0.010631741170775763 -4.05062769163685 -0.2836055090794559 -0.10873524000045948 -0.9527562976972799 46.31858013449537
-0.8599476233503027 -0.4099636911588099 0.3040063437259165 -26.467249726621404 -0.4203959156641447 0.9067197597403073 0.033564138442485736 -4.942058973723199 -0.28940863702914593 -0.09893962415494874 -0.9520785637671978 46.626387193496484
-0.8632923733462917 -0.4064594333850201 0.2991939289732495 -26.117746477972116 -0.41691170998714033 0.9084134552210509 0.031138729083807545 -4.85222539802339 -0.28444842097949113 -0.09785562521226165 -0.9536841051504388 46.14895024477122
-0.8872083421403182 -0.4196608253798376 0.19169285140072906 -22.777258682436564 -0.4454370851301882 0.8873797037869084 -0.11892461687046421 -2.1992751757188413 -0.1201963428202144 -0.1908980171415526 -0.9742231706462725 44.866050795991015
-0.8870152156204133 -0.4174932864381456 0.19723935468596646 -22.925968177444915 -0.44405357777207616 0.8883892729135066 -0.11653720367345465 -2.2584944406356824 -0.12657182674545842 -0.19095511396996956 -0.97340419000692 44.62702916877988
-0.8865326004307975 -0.4179471581827985 0.1984442524749228 -22.795357458097687 -0.444057599446509 0.8890541356479201 -0.11133549416579541 -2.4182931101088445 -0.12989532996692316 -0.18682322354102243 -0.9737680865578502 44.19559145261518
-0.8825135461836544 -0.4250257393247367 0.20130315872784066 -22.713456189477895 -0.45125499395828444 0.8858398664784275 -0.10796601958577325 -2.5275714374413845 -0.13243402595276926 -0.18612053048749147 -0.9735606693478325 43.80506148319203
-0.8818701907781702 -0.42337823285315923 0.20749900858317966 -22.92725833408615 -0.44953584420182735 0.8877370435634503 -0.0991991243054865 -2.660796253830982 -0.14220580647294576 -0.1807589926707913 -0.9731925272904753 43.74288634413046
-0.8748222263085207 -0.4439666762522184 0.1938547464834275 -22.222089495843584 -0.4655237048781947 0.8811559016967697 -0.08277654922400726 -3.1427816152451333 -0.13406622450519792 -0.16265874486947193 -0.9775317796186541 42.971566974755405
-0.868350569026169 -0.45822296932796996 0.18973402344383516 -21.94310786201224 -0.4777639433272288 0.8755238165786576 -0.07210867534470376 -3.3928857619383455 -0.13307480500961996 -0.15326368449116448 -0.9791840170712809 42.497142278752825
-0.882258816846395 -0.42229324101341037 0.20805720052713397 -21.946940374719553 -0.45112815062504413 0.8847198505681075 -0.11727820651930211 -2.2333795101268747 -0.13454654142871159 -0.1973301918236177 -0.9710602574425757 40.228238650270534
-0.8843835009654387 -0.41844423698470035 0.20680968003068922 -21.52319687293311 -0.4469522987615589 0.8868966504306375 -0.11682454402511186 -2.2799794810542258 -0.13453425531018104 -0.19575176113948015 -0.9713813783262114 39.13809867342646
-0.8829246463455133 -0.41975551787985804 0.21035535192872495 -21.31924936473471 -0.44961298288396706 0.8849523390274868 -0.12127457801190908 -2.3352215381617056 -0.13524878741722937 -0.20165481114814748 -0.9700737614444492 38.24016496251443
-0.880892564135701 -0.4232617726584761 0.211843721305172 -20.38317489319972 -0.4454764072959189 0.8926380853062562 -0.06890587205386414 -3.6527218389000926 -0.15993455221791006 -0.15507005019276196 -0.9748713856402115 36.23804570322749
-0.8795000130971783 -0.4284653113000559 0.2071164019931849 -20.08811087178954 -0.4511057476561139 0.8892271373489107 -0.07601777840668042 -3.6179367931500312 -0.15160254415305238 -0.16028903647727397 -0.9753584435434562 35.326215964878315
-0.8799873135530782 -0.431424247710034 0.19873461317409527 -19.648685659204943 -0.45355576927543634 0.887470374708885 -0.0817526646112657 -3.5312034076563 -0.14110099979303586 -0.16207853806690706 -0.976637627452222 34.31166517510612
-0.8786027753756112 -0.43889490470047193 0.18822440258963585 -19.190620098053056 -0.460158452252107 0.8834755509741429 -0.08789283049192817 -3.401503513967564 -0.12771594232205136 -0.16383593457755136 -0.97818527111069 33.400667457511354
-0.881142426884879 -0.4366213268504688 0.18152090921640365 -18.83196991687976 -0.4570014404928679 0.8849158746270476 -0.08985309243698525 -3.4606042003984054 -0.12139895770088159 -0.162128688924509 -0.9792734966784077 32.19634889986371
-0.8825689283358572 -0.43825424680802905 0.17030942983526248 -18.25773161734145 -0.45787380992028537 0.8834392164101417 -0.09943201243925798 -3.334685765975415 -0.106881527520753 -0.1657358321648174 -0.98036114417671 30.883901935715322
-0.8829198249238421 -0.44091873517198976 0.161379217158765 -17.89826209836746 -0.4596728028847154 0.881770185223127 -0.10574618073334212 -3.308201028445692 -0.09567390994703688 -0.16754703645815935 -0.9812107284011605 29.8816849207149
-0.8833344578769045 -0.443920007917386 0.15051665056709423 -17.53853695840289 -0.4615832852472723 0.8796872349557838 -0.11441695432140975 -3.2554046466832873 -0.08161560088393452 -0.17054440837060456 -0.9819641024324042 28.94077883486704
-0.8836660333588233 -0.4439431069094811 0.14848858311477175 -17.53846885216638 -0.46223336604448756 0.8776341230198034 -0.12688050057611625 -3.157458647031653 -0.0739909237883977 -0.1807563662469967 -0.9807407808682813 28.321502285063282
-0.8820164289196796 -0.452689922426814 0.1308390356467667 -17.048504951190917 -0.46824135751828216 0.8731442971803506 -0.13553253266605433 -3.1087587075969116 -0.05288714612464895 -0.1808061681321782 -0.9820957587425769 27.59838581571567
-0.892753731212785 -0.4163793923341763 0.17210164742110756 -18.72244797196389 -0.4356153533111016 0.8952340454151331 -0.09378308957003309 -2.8675277478537886 -0.11502190819701909 -0.1586953230850791 -0.9806047904561973 28.41270810899748
-0.893419315204148 -0.42093960237563166 0.15688141499866948 -18.42127736222408 -0.4380969530360036 0.8936770702403316 -0.09701728643508398 -2.9395736420287437 -0.09936290535562546 -0.1554063875086917 -0.9828407133207235 27.478700384304318
-0.8935620809471007 -0.4268712572324847 0.1390242325720193 -18.08519105708332 -0.4419401162361576 0.8908607623620336 -0.10514768539969226 -2.9538188783669077 -0.07896670915425667 -0.15539637007504153 -0.9846909296895421 26.40387423623483
-0.8912283883945288 -0.4327173663835931 0.13589569731868625 -18.159369099008348 -0.44662809089303407 0.8894620779064139 -0.09685329313788285 -3.2478264049211627 -0.07896396738342014 -0.14701324020800116 -0.98597758547475 25.862990761669376
-0.8874011526629573 -0.44657207952862144 0.11442277761847043 -18.0504124488117 -0.4570842094538767 0.8846078612511765 -0.09242811953373362 -3.513505232378181 -0.059943471040398884 -0.13432166466396092 -0.9891230816645269 25.753758849870767
-0.8880411048162882 -0.44381956777106024 0.12002994384803949 -18.26191905331473 -0.455635536986116 0.8844541107822695 -0.10068358036798392 -3.5548356135697596 -0.06147563413280599 -0.14410106586645988 -0.9876515727847134 25.24854943683188
-0.8902209620504181 -0.4469001546629554 0.0882433594569368 -17.87349796211061 -0.45462921715756927 0.8838024061202367 -0.11047887509735924 -3.546196051181544 -0.028616667044178604 -0.13846861990468043 -0.9899532957008538 24.606363912842003
